$O;D2
*From-time To-Time
6.0 7.0 
*factor
1
*
00	00	0
00	01	1
00	02	107
00	03	336
00	04	3
00	05	5
00	06	58
00	07	45
00	08	4
00	09	6
00	10	3
00	11	7
00	12	2
00	13	1
01	00	12
01	01	0
01	02	144
01	03	5
01	04	35
01	05	24
01	06	40
01	07	39
01	08	12
01	09	15
01	10	13
01	11	15
01	12	19
01	13	13
02	00	0
02	01	0
02	02	0
02	03	0
02	04	0
02	05	0
02	06	0
02	07	0
02	08	0
02	09	0
02	10	0
02	11	0
02	12	0
02	13	0
03	00	24
03	01	0
03	02	19
03	03	40
03	04	0
03	05	4
03	06	3
03	07	20
03	08	14
03	09	9
03	10	19
03	11	41
03	12	5
03	13	20
04	00	26
04	01	48
04	02	23
04	03	11
04	04	0
04	05	16
04	06	10
04	07	17
04	08	11
04	09	30
04	10	10
04	11	20
04	12	27
04	13	23
05	00	27
05	01	13
05	02	29
05	03	3
05	04	6
05	05	0
05	06	7
05	07	9
05	08	5
05	09	16
05	10	11
05	11	26
05	12	25
05	13	9
06	00	20
06	01	19
06	02	29
06	03	39
06	04	23
06	05	0
06	06	0
06	07	9
06	08	6
06	09	4
06	10	38
06	11	23
06	12	27
06	13	19
07	00	49
07	01	37
07	02	51
07	03	26
07	04	12
07	05	7
07	06	2
07	07	0
07	08	7
07	09	12
07	10	17
07	11	31
07	12	40
07	13	11
08	00	11
08	01	29
08	02	20
08	03	25
08	04	10
08	05	3
08	06	4
08	07	4
08	08	0
08	09	5
08	10	5
08	11	6
08	12	18
08	13	32
09	00	119
09	01	26
09	02	2
09	03	2
09	04	4
09	05	5
09	06	2
09	07	3
09	08	2
09	09	0
09	10	123
09	11	103
09	12	9
09	13	28
10	00	181
10	01	25
10	02	74
10	03	1496
10	04	28
10	05	2
10	06	3
10	07	4
10	08	4
10	09	3
10	10	0
10	11	93
10	12	41
10	13	35
11	00	141
11	01	17
11	02	11
11	03	16
11	04	5
11	05	3
11	06	3
11	07	1
11	08	2
11	09	3
11	10	4
11	11	0
11	12	12
11	13	14
12	00	35
12	01	55
12	02	2
12	03	1
12	04	2
12	05	1
12	06	1
12	07	2
12	08	1
12	09	3
12	10	4
12	11	2
12	12	0
12	13	30
13	00	3
13	01	5
13	02	0
13	03	0
13	04	0
13	05	0
13	06	0
13	07	0
13	08	0
13	09	0
13	10	0
13	11	0
13	12	0
13	13	0
