$O;D2
*From-time To-Time
23.0 24.0 
*factor
1
*
00	00	0
00	01	0
00	02	44
00	03	106
00	04	2
00	05	2
00	06	30
00	07	24
00	08	1
00	09	1
00	10	2
00	11	2
00	12	1
00	13	0
01	00	3
01	01	0
01	02	46
01	03	2
01	04	8
01	05	6
01	06	6
01	07	17
01	08	11
01	09	9
01	10	5
01	11	9
01	12	11
01	13	6
02	00	0
02	01	0
02	02	0
02	03	0
02	04	0
02	05	0
02	06	0
02	07	0
02	08	0
02	09	0
02	10	0
02	11	0
02	12	0
02	13	0
03	00	11
03	01	0
03	02	6
03	03	15
03	04	0
03	05	1
03	06	3
03	07	5
03	08	6
03	09	6
03	10	4
03	11	17
03	12	3
03	13	4
04	00	4
04	01	18
04	02	7
04	03	10
04	04	0
04	05	5
04	06	4
04	07	5
04	08	7
04	09	7
04	10	5
04	11	7
04	12	10
04	13	6
05	00	10
05	01	8
05	02	9
05	03	2
05	04	2
05	05	0
05	06	5
05	07	5
05	08	3
05	09	3
05	10	3
05	11	11
05	12	4
05	13	3
06	00	4
06	01	6
06	02	11
06	03	20
06	04	4
06	05	0
06	06	0
06	07	2
06	08	2
06	09	2
06	10	12
06	11	14
06	12	9
06	13	8
07	00	12
07	01	13
07	02	15
07	03	10
07	04	7
07	05	2
07	06	0
07	07	0
07	08	2
07	09	6
07	10	7
07	11	16
07	12	11
07	13	10
08	00	4
08	01	9
08	02	7
08	03	6
08	04	3
08	05	2
08	06	2
08	07	1
08	08	0
08	09	2
08	10	3
08	11	3
08	12	6
08	13	9
09	00	31
09	01	9
09	02	0
09	03	2
09	04	1
09	05	3
09	06	1
09	07	2
09	08	1
09	09	0
09	10	20
09	11	34
09	12	6
09	13	7
10	00	43
10	01	12
10	02	53
10	03	1056
10	04	5
10	05	1
10	06	1
10	07	1
10	08	2
10	09	3
10	10	0
10	11	25
10	12	13
10	13	10
11	00	61
11	01	5
11	02	5
11	03	5
11	04	3
11	05	2
11	06	1
11	07	0
11	08	0
11	09	1
11	10	1
11	11	0
11	12	4
11	13	5
12	00	14
12	01	17
12	02	0
12	03	0
12	04	1
12	05	0
12	06	0
12	07	2
12	08	0
12	09	1
12	10	2
12	11	2
12	12	0
12	13	5
13	00	2
13	01	3
13	02	0
13	03	0
13	04	0
13	05	0
13	06	0
13	07	0
13	08	0
13	09	0
13	10	0
13	11	0
13	12	0
13	13	0
