$O;D2
*From-time To-Time
21.0 22.0 
*factor
1
*
00	00	0
00	01	2
00	02	86
00	03	276
00	04	3
00	05	2
00	06	50
00	07	44
00	08	2
00	09	2
00	10	1
00	11	3
00	12	2
00	13	0
01	00	4
01	01	0
01	02	77
01	03	2
01	04	23
01	05	8
01	06	14
01	07	24
01	08	10
01	09	16
01	10	8
01	11	8
01	12	15
01	13	14
02	00	0
02	01	0
02	02	0
02	03	0
02	04	0
02	05	0
02	06	0
02	07	0
02	08	0
02	09	0
02	10	0
02	11	0
02	12	0
02	13	0
03	00	11
03	01	0
03	02	11
03	03	16
03	04	0
03	05	3
03	06	4
03	07	8
03	08	9
03	09	13
03	10	17
03	11	29
03	12	3
03	13	14
04	00	7
04	01	21
04	02	7
04	03	18
04	04	0
04	05	5
04	06	6
04	07	7
04	08	6
04	09	19
04	10	10
04	11	12
04	12	19
04	13	8
05	00	9
05	01	9
05	02	17
05	03	2
05	04	4
05	05	0
05	06	8
05	07	5
05	08	7
05	09	13
05	10	5
05	11	18
05	12	7
05	13	4
06	00	9
06	01	21
06	02	18
06	03	23
06	04	8
06	05	0
06	06	0
06	07	6
06	08	4
06	09	3
06	10	11
06	11	18
06	12	17
06	13	8
07	00	17
07	01	21
07	02	39
07	03	9
07	04	8
07	05	5
07	06	0
07	07	0
07	08	3
07	09	15
07	10	11
07	11	16
07	12	19
07	13	9
08	00	8
08	01	7
08	02	10
08	03	8
08	04	6
08	05	1
08	06	3
08	07	2
08	08	0
08	09	5
08	10	5
08	11	4
08	12	5
08	13	14
09	00	87
09	01	9
09	02	1
09	03	3
09	04	3
09	05	3
09	06	3
09	07	6
09	08	2
09	09	0
09	10	48
09	11	116
09	12	13
09	13	17
10	00	109
10	01	26
10	02	119
10	03	1245
10	04	19
10	05	2
10	06	3
10	07	2
10	08	2
10	09	2
10	10	0
10	11	75
10	12	30
10	13	18
11	00	96
11	01	12
11	02	10
11	03	10
11	04	3
11	05	2
11	06	3
11	07	2
11	08	0
11	09	2
11	10	2
11	11	0
11	12	12
11	13	7
12	00	14
12	01	25
12	02	2
12	03	0
12	04	1
12	05	2
12	06	1
12	07	1
12	08	1
12	09	1
12	10	2
12	11	2
12	12	0
12	13	10
13	00	2
13	01	3
13	02	0
13	03	0
13	04	0
13	05	0
13	06	0
13	07	0
13	08	0
13	09	0
13	10	0
13	11	0
13	12	0
13	13	0
