$O;D2
*From-time To-Time
1.0 2.0 
*factor
1
*
00	00	0
00	01	0
00	02	8
00	03	30
00	04	0
00	05	0
00	06	10
00	07	6
00	08	0
00	09	0
00	10	0
00	11	2
00	12	0
00	13	0
01	00	1
01	01	0
01	02	8
01	03	0
01	04	2
01	05	2
01	06	5
01	07	5
01	08	2
01	09	2
01	10	1
01	11	2
01	12	3
01	13	2
02	00	0
02	01	0
02	02	0
02	03	0
02	04	0
02	05	0
02	06	0
02	07	0
02	08	0
02	09	0
02	10	0
02	11	0
02	12	0
02	13	0
03	00	3
03	01	0
03	02	2
03	03	4
03	04	0
03	05	0
03	06	1
03	07	3
03	08	1
03	09	1
03	10	2
03	11	6
03	12	1
03	13	3
04	00	2
04	01	3
04	02	2
04	03	3
04	04	0
04	05	2
04	06	1
04	07	3
04	08	3
04	09	2
04	10	1
04	11	2
04	12	2
04	13	3
05	00	3
05	01	1
05	02	3
05	03	0
05	04	1
05	05	0
05	06	2
05	07	2
05	08	1
05	09	2
05	10	2
05	11	2
05	12	2
05	13	1
06	00	2
06	01	3
06	02	2
06	03	3
06	04	2
06	05	0
06	06	0
06	07	2
06	08	1
06	09	0
06	10	4
06	11	5
06	12	2
06	13	2
07	00	7
07	01	2
07	02	7
07	03	3
07	04	2
07	05	2
07	06	0
07	07	0
07	08	1
07	09	2
07	10	2
07	11	2
07	12	5
07	13	3
08	00	2
08	01	2
08	02	3
08	03	2
08	04	2
08	05	0
08	06	0
08	07	0
08	08	0
08	09	2
08	10	0
08	11	1
08	12	2
08	13	3
09	00	15
09	01	3
09	02	0
09	03	0
09	04	0
09	05	0
09	06	0
09	07	1
09	08	0
09	09	0
09	10	11
09	11	21
09	12	2
09	13	3
10	00	13
10	01	5
10	02	10
10	03	246
10	04	2
10	05	0
10	06	0
10	07	0
10	08	0
10	09	0
10	10	0
10	11	11
10	12	3
10	13	3
11	00	10
11	01	1
11	02	3
11	03	1
11	04	2
11	05	0
11	06	0
11	07	0
11	08	0
11	09	0
11	10	0
11	11	0
11	12	3
11	13	3
12	00	4
12	01	6
12	02	0
12	03	0
12	04	0
12	05	0
12	06	0
12	07	0
12	08	0
12	09	0
12	10	0
12	11	0
12	12	0
12	13	5
13	00	0
13	01	0
13	02	0
13	03	0
13	04	0
13	05	0
13	06	0
13	07	0
13	08	0
13	09	0
13	10	0
13	11	0
13	12	0
13	13	0
