$O;D2
*From-time To-Time
20.0 21.0 
*factor
1
*
00	00	0
00	01	2
00	02	41
00	03	176
00	04	2
00	05	3
00	06	73
00	07	48
00	08	3
00	09	3
00	10	2
00	11	4
00	12	2
00	13	1
01	00	6
01	01	0
01	02	125
01	03	3
01	04	25
01	05	8
01	06	33
01	07	38
01	08	26
01	09	19
01	10	6
01	11	13
01	12	10
01	13	14
02	00	0
02	01	0
02	02	0
02	03	0
02	04	0
02	05	0
02	06	0
02	07	0
02	08	0
02	09	0
02	10	0
02	11	0
02	12	0
02	13	0
03	00	19
03	01	0
03	02	14
03	03	29
03	04	0
03	05	4
03	06	3
03	07	13
03	08	10
03	09	11
03	10	15
03	11	32
03	12	9
03	13	8
04	00	16
04	01	41
04	02	17
04	03	24
04	04	0
04	05	8
04	06	6
04	07	10
04	08	17
04	09	17
04	10	6
04	11	10
04	12	16
04	13	12
05	00	22
05	01	14
05	02	16
05	03	4
05	04	4
05	05	0
05	06	7
05	07	5
05	08	10
05	09	13
05	10	14
05	11	20
05	12	16
05	13	6
06	00	18
06	01	34
06	02	24
06	03	34
06	04	22
06	05	0
06	06	0
06	07	5
06	08	6
06	09	4
06	10	28
06	11	30
06	12	32
06	13	17
07	00	24
07	01	33
07	02	36
07	03	9
07	04	11
07	05	6
07	06	1
07	07	0
07	08	5
07	09	9
07	10	23
07	11	35
07	12	26
07	13	14
08	00	16
08	01	23
08	02	14
08	03	12
08	04	5
08	05	3
08	06	4
08	07	2
08	08	0
08	09	4
08	10	5
08	11	3
08	12	11
08	13	21
09	00	81
09	01	23
09	02	1
09	03	2
09	04	3
09	05	6
09	06	5
09	07	4
09	08	3
09	09	0
09	10	75
09	11	87
09	12	7
09	13	13
10	00	106
10	01	29
10	02	98
10	03	2655
10	04	15
10	05	2
10	06	3
10	07	3
10	08	3
10	09	5
10	10	0
10	11	44
10	12	34
10	13	23
11	00	78
11	01	11
11	02	9
11	03	6
11	04	5
11	05	3
11	06	2
11	07	1
11	08	1
11	09	2
11	10	3
11	11	0
11	12	12
11	13	15
12	00	32
12	01	35
12	02	1
12	03	1
12	04	2
12	05	2
12	06	2
12	07	3
12	08	1
12	09	3
12	10	4
12	11	3
12	12	0
12	13	15
13	00	3
13	01	6
13	02	0
13	03	0
13	04	0
13	05	0
13	06	0
13	07	0
13	08	0
13	09	0
13	10	0
13	11	0
13	12	0
13	13	0
