$O;D2
*From-time To-Time
0.0 1.0 
*factor
1
*
00	00	0
00	01	0
00	02	16
00	03	54
00	04	0
00	05	1
00	06	16
00	07	11
00	08	1
00	09	1
00	10	0
00	11	1
00	12	0
00	13	0
01	00	2
01	01	0
01	02	18
01	03	1
01	04	4
01	05	3
01	06	5
01	07	6
01	08	4
01	09	3
01	10	2
01	11	4
01	12	3
01	13	3
02	00	0
02	01	0
02	02	0
02	03	0
02	04	0
02	05	0
02	06	0
02	07	0
02	08	0
02	09	0
02	10	0
02	11	0
02	12	0
02	13	0
03	00	3
03	01	0
03	02	2
03	03	7
03	04	0
03	05	1
03	06	1
03	07	3
03	08	2
03	09	2
03	10	3
03	11	13
03	12	1
03	13	2
04	00	3
04	01	6
04	02	3
04	03	3
04	04	0
04	05	2
04	06	1
04	07	3
04	08	2
04	09	5
04	10	2
04	11	2
04	12	3
04	13	4
05	00	4
05	01	2
05	02	5
05	03	1
05	04	1
05	05	0
05	06	2
05	07	1
05	08	2
05	09	3
05	10	2
05	11	3
05	12	3
05	13	1
06	00	3
06	01	5
06	02	4
06	03	7
06	04	3
06	05	0
06	06	0
06	07	1
06	08	1
06	09	1
06	10	5
06	11	5
06	12	5
06	13	3
07	00	8
07	01	5
07	02	7
07	03	3
07	04	2
07	05	1
07	06	0
07	07	0
07	08	1
07	09	3
07	10	4
07	11	5
07	12	5
07	13	3
08	00	2
08	01	3
08	02	2
08	03	3
08	04	1
08	05	0
08	06	1
08	07	1
08	08	0
08	09	1
08	10	1
08	11	1
08	12	2
08	13	5
09	00	22
09	01	3
09	02	0
09	03	0
09	04	1
09	05	1
09	06	1
09	07	1
09	08	0
09	09	0
09	10	16
09	11	23
09	12	2
09	13	3
10	00	32
10	01	6
10	02	22
10	03	378
10	04	3
10	05	0
10	06	0
10	07	1
10	08	1
10	09	1
10	10	0
10	11	17
10	12	5
10	13	6
11	00	22
11	01	2
11	02	3
11	03	2
11	04	1
11	05	0
11	06	0
11	07	0
11	08	0
11	09	0
11	10	1
11	11	0
11	12	2
11	13	4
12	00	5
12	01	8
12	02	0
12	03	0
12	04	0
12	05	0
12	06	0
12	07	0
12	08	0
12	09	0
12	10	1
12	11	0
12	12	0
12	13	4
13	00	1
13	01	1
13	02	0
13	03	0
13	04	0
13	05	0
13	06	0
13	07	0
13	08	0
13	09	0
13	10	0
13	11	0
13	12	0
13	13	0
