$O;D2
*From-time To-Time
8.0 9.0 
*factor
1
*
00	00	0
00	01	2
00	02	150
00	03	489
00	04	3
00	05	7
00	06	167
00	07	99
00	08	6
00	09	4
00	10	3
00	11	10
00	12	4
00	13	2
01	00	11
01	01	0
01	02	148
01	03	3
01	04	45
01	05	36
01	06	23
01	07	48
01	08	36
01	09	30
01	10	23
01	11	24
01	12	30
01	13	21
02	00	0
02	01	0
02	02	0
02	03	0
02	04	0
02	05	0
02	06	0
02	07	0
02	08	0
02	09	0
02	10	0
02	11	0
02	12	0
02	13	0
03	00	37
03	01	0
03	02	16
03	03	65
03	04	0
03	05	3
03	06	10
03	07	15
03	08	11
03	09	18
03	10	16
03	11	90
03	12	13
03	13	16
04	00	21
04	01	32
04	02	25
04	03	22
04	04	0
04	05	10
04	06	8
04	07	20
04	08	23
04	09	52
04	10	28
04	11	14
04	12	44
04	13	22
05	00	36
05	01	13
05	02	22
05	03	4
05	04	11
05	05	0
05	06	13
05	07	8
05	08	15
05	09	26
05	10	25
05	11	41
05	12	18
05	13	12
06	00	22
06	01	39
06	02	31
06	03	68
06	04	38
06	05	0
06	06	0
06	07	7
06	08	8
06	09	8
06	10	35
06	11	34
06	12	62
06	13	27
07	00	87
07	01	46
07	02	37
07	03	30
07	04	26
07	05	12
07	06	1
07	07	0
07	08	8
07	09	34
07	10	40
07	11	52
07	12	50
07	13	16
08	00	12
08	01	21
08	02	28
08	03	29
08	04	12
08	05	5
08	06	3
08	07	8
08	08	0
08	09	10
08	10	9
08	11	9
08	12	21
08	13	33
09	00	205
09	01	35
09	02	3
09	03	5
09	04	5
09	05	4
09	06	3
09	07	8
09	08	6
09	09	0
09	10	163
09	11	172
09	12	18
09	13	40
10	00	295
10	01	29
10	02	249
10	03	4652
10	04	38
10	05	2
10	06	4
10	07	5
10	08	7
10	09	7
10	10	0
10	11	144
10	12	65
10	13	32
11	00	164
11	01	11
11	02	36
11	03	24
11	04	14
11	05	3
11	06	6
11	07	2
11	08	2
11	09	3
11	10	4
11	11	0
11	12	12
11	13	23
12	00	37
12	01	68
12	02	3
12	03	1
12	04	5
12	05	2
12	06	2
12	07	5
12	08	3
12	09	3
12	10	4
12	11	6
12	12	0
12	13	43
13	00	4
13	01	8
13	02	0
13	03	0
13	04	0
13	05	0
13	06	0
13	07	0
13	08	0
13	09	0
13	10	0
13	11	0
13	12	0
13	13	0
