$O;D2
*From-time To-Time
12.0 13.0 
*factor
1
*
00	00	0
00	01	1
00	02	118
00	03	393
00	04	3
00	05	5
00	06	117
00	07	92
00	08	5
00	09	6
00	10	2
00	11	5
00	12	2
00	13	1
01	00	13
01	01	0
01	02	101
01	03	6
01	04	29
01	05	20
01	06	22
01	07	36
01	08	34
01	09	19
01	10	13
01	11	24
01	12	29
01	13	10
02	00	0
02	01	0
02	02	0
02	03	0
02	04	0
02	05	0
02	06	0
02	07	0
02	08	0
02	09	0
02	10	0
02	11	0
02	12	0
02	13	0
03	00	22
03	01	0
03	02	21
03	03	55
03	04	0
03	05	5
03	06	6
03	07	20
03	08	18
03	09	17
03	10	14
03	11	51
03	12	11
03	13	13
04	00	24
04	01	63
04	02	23
04	03	21
04	04	0
04	05	19
04	06	5
04	07	19
04	08	20
04	09	28
04	10	13
04	11	11
04	12	31
04	13	24
05	00	21
05	01	19
05	02	39
05	03	5
05	04	4
05	05	0
05	06	8
05	07	6
05	08	14
05	09	24
05	10	17
05	11	23
05	12	17
05	13	8
06	00	14
06	01	26
06	02	36
06	03	57
06	04	14
06	05	0
06	06	0
06	07	7
06	08	11
06	09	3
06	10	35
06	11	34
06	12	44
06	13	28
07	00	68
07	01	22
07	02	67
07	03	30
07	04	18
07	05	7
07	06	2
07	07	0
07	08	11
07	09	20
07	10	19
07	11	25
07	12	44
07	13	32
08	00	20
08	01	18
08	02	14
08	03	28
08	04	10
08	05	2
08	06	5
08	07	5
08	08	0
08	09	4
08	10	6
08	11	9
08	12	20
08	13	19
09	00	197
09	01	25
09	02	2
09	03	4
09	04	5
09	05	7
09	06	4
09	07	8
09	08	3
09	09	0
09	10	155
09	11	188
09	12	19
09	13	28
10	00	270
10	01	30
10	02	113
10	03	2132
10	04	31
10	05	2
10	06	5
10	07	6
10	08	3
10	09	4
10	10	0
10	11	163
10	12	35
10	13	52
11	00	210
11	01	14
11	02	17
11	03	12
11	04	12
11	05	2
11	06	3
11	07	2
11	08	2
11	09	3
11	10	3
11	11	0
11	12	9
11	13	28
12	00	43
12	01	53
12	02	2
12	03	2
12	04	2
12	05	1
12	06	1
12	07	2
12	08	2
12	09	3
12	10	3
12	11	3
12	12	0
12	13	21
13	00	5
13	01	8
13	02	0
13	03	0
13	04	0
13	05	0
13	06	0
13	07	0
13	08	0
13	09	0
13	10	0
13	11	0
13	12	0
13	13	0
