$O;D2
*From-time To-Time
14.0 15.0 
*factor
1
*
00	00	0
00	01	2
00	02	83
00	03	550
00	04	4
00	05	8
00	06	122
00	07	45
00	08	5
00	09	7
00	10	3
00	11	7
00	12	3
00	13	2
01	00	10
01	01	0
01	02	99
01	03	4
01	04	30
01	05	13
01	06	44
01	07	45
01	08	14
01	09	16
01	10	16
01	11	37
01	12	30
01	13	13
02	00	0
02	01	0
02	02	0
02	03	0
02	04	0
02	05	0
02	06	0
02	07	0
02	08	0
02	09	0
02	10	0
02	11	0
02	12	0
02	13	0
03	00	27
03	01	0
03	02	17
03	03	41
03	04	0
03	05	5
03	06	4
03	07	31
03	08	19
03	09	11
03	10	11
03	11	97
03	12	11
03	13	20
04	00	16
04	01	31
04	02	16
04	03	26
04	04	0
04	05	22
04	06	7
04	07	29
04	08	17
04	09	38
04	10	17
04	11	11
04	12	36
04	13	34
05	00	34
05	01	15
05	02	29
05	03	4
05	04	4
05	05	0
05	06	9
05	07	13
05	08	16
05	09	23
05	10	23
05	11	35
05	12	21
05	13	5
06	00	19
06	01	34
06	02	18
06	03	28
06	04	17
06	05	0
06	06	0
06	07	12
06	08	12
06	09	4
06	10	29
06	11	24
06	12	45
06	13	24
07	00	35
07	01	21
07	02	61
07	03	32
07	04	22
07	05	7
07	06	2
07	07	0
07	08	12
07	09	33
07	10	26
07	11	38
07	12	42
07	13	25
08	00	15
08	01	35
08	02	20
08	03	27
08	04	6
08	05	2
08	06	6
08	07	4
08	08	0
08	09	8
08	10	5
08	11	8
08	12	22
08	13	47
09	00	219
09	01	17
09	02	2
09	03	4
09	04	5
09	05	6
09	06	6
09	07	8
09	08	4
09	09	0
09	10	92
09	11	179
09	12	25
09	13	36
10	00	336
10	01	36
10	02	121
10	03	1879
10	04	22
10	05	2
10	06	4
10	07	3
10	08	5
10	09	3
10	10	0
10	11	173
10	12	47
10	13	23
11	00	85
11	01	24
11	02	35
11	03	22
11	04	6
11	05	2
11	06	2
11	07	3
11	08	1
11	09	3
11	10	3
11	11	0
11	12	14
11	13	16
12	00	43
12	01	54
12	02	2
12	03	2
12	04	2
12	05	3
12	06	3
12	07	3
12	08	3
12	09	2
12	10	4
12	11	2
12	12	0
12	13	32
13	00	3
13	01	5
13	02	0
13	03	0
13	04	0
13	05	0
13	06	0
13	07	0
13	08	0
13	09	0
13	10	0
13	11	0
13	12	0
13	13	0
