$O;D2
*From-time To-Time
17.0 18.0 
*factor
1
*
00	00	0
00	01	2
00	02	233
00	03	604
00	04	5
00	05	5
00	06	95
00	07	114
00	08	4
00	09	4
00	10	2
00	11	9
00	12	4
00	13	1
01	00	22
01	01	0
01	02	103
01	03	5
01	04	64
01	05	20
01	06	76
01	07	61
01	08	51
01	09	23
01	10	30
01	11	29
01	12	37
01	13	18
02	00	0
02	01	0
02	02	0
02	03	0
02	04	0
02	05	0
02	06	0
02	07	0
02	08	0
02	09	0
02	10	0
02	11	0
02	12	0
02	13	0
03	00	21
03	01	0
03	02	30
03	03	96
03	04	0
03	05	7
03	06	10
03	07	43
03	08	17
03	09	33
03	10	39
03	11	122
03	12	12
03	13	18
04	00	49
04	01	58
04	02	27
04	03	49
04	04	0
04	05	27
04	06	15
04	07	47
04	08	30
04	09	44
04	10	36
04	11	34
04	12	38
04	13	21
05	00	46
05	01	30
05	02	69
05	03	5
05	04	14
05	05	0
05	06	21
05	07	17
05	08	11
05	09	21
05	10	28
05	11	52
05	12	33
05	13	7
06	00	29
06	01	29
06	02	59
06	03	95
06	04	51
06	05	0
06	06	0
06	07	16
06	08	11
06	09	7
06	10	68
06	11	57
06	12	82
06	13	36
07	00	107
07	01	78
07	02	41
07	03	56
07	04	29
07	05	8
07	06	2
07	07	0
07	08	15
07	09	46
07	10	62
07	11	87
07	12	34
07	13	30
08	00	20
08	01	50
08	02	21
08	03	33
08	04	10
08	05	4
08	06	5
08	07	6
08	08	0
08	09	6
08	10	6
08	11	6
08	12	38
08	13	60
09	00	318
09	01	33
09	02	2
09	03	4
09	04	8
09	05	9
09	06	6
09	07	15
09	08	6
09	09	0
09	10	113
09	11	164
09	12	35
09	13	38
10	00	421
10	01	64
10	02	117
10	03	2259
10	04	44
10	05	5
10	06	4
10	07	6
10	08	4
10	09	7
10	10	0
10	11	261
10	12	87
10	13	47
11	00	279
11	01	19
11	02	49
11	03	13
11	04	18
11	05	5
11	06	7
11	07	3
11	08	2
11	09	4
11	10	6
11	11	0
11	12	28
11	13	43
12	00	44
12	01	54
12	02	2
12	03	2
12	04	4
12	05	2
12	06	3
12	07	4
12	08	2
12	09	4
12	10	4
12	11	8
12	12	0
12	13	47
13	00	7
13	01	8
13	02	0
13	03	0
13	04	0
13	05	0
13	06	0
13	07	0
13	08	0
13	09	0
13	10	0
13	11	0
13	12	0
13	13	0
