$O;D2
*From-time To-Time
17.0 18.0 
*factor
1
*
00	00	0
00	01	3
00	02	228
00	03	619
00	04	4
00	05	12
00	06	219
00	07	164
00	08	6
00	09	9
00	10	3
00	11	8
00	12	2
00	13	1
01	00	17
01	01	0
01	02	232
01	03	4
01	04	54
01	05	31
01	06	35
01	07	64
01	08	21
01	09	33
01	10	15
01	11	39
01	12	51
01	13	22
02	00	0
02	01	0
02	02	0
02	03	0
02	04	0
02	05	0
02	06	0
02	07	0
02	08	0
02	09	0
02	10	0
02	11	0
02	12	0
02	13	0
03	00	41
03	01	0
03	02	35
03	03	75
03	04	0
03	05	7
03	06	14
03	07	37
03	08	27
03	09	32
03	10	17
03	11	205
03	12	16
03	13	28
04	00	25
04	01	68
04	02	33
04	03	26
04	04	0
04	05	31
04	06	13
04	07	24
04	08	23
04	09	74
04	10	15
04	11	36
04	12	40
04	13	51
05	00	67
05	01	34
05	02	35
05	03	10
05	04	12
05	05	0
05	06	12
05	07	8
05	08	16
05	09	23
05	10	29
05	11	29
05	12	22
05	13	9
06	00	35
06	01	63
06	02	55
06	03	69
06	04	52
06	05	0
06	06	0
06	07	12
06	08	7
06	09	9
06	10	67
06	11	49
06	12	77
06	13	27
07	00	82
07	01	73
07	02	103
07	03	33
07	04	32
07	05	16
07	06	1
07	07	0
07	08	15
07	09	49
07	10	42
07	11	64
07	12	71
07	13	19
08	00	24
08	01	46
08	02	29
08	03	51
08	04	16
08	05	2
08	06	9
08	07	6
08	08	0
08	09	8
08	10	8
08	11	11
08	12	25
08	13	32
09	00	287
09	01	26
09	02	3
09	03	4
09	04	7
09	05	12
09	06	8
09	07	7
09	08	4
09	09	0
09	10	211
09	11	362
09	12	30
09	13	43
10	00	319
10	01	42
10	02	299
10	03	4136
10	04	25
10	05	4
10	06	8
10	07	9
10	08	10
10	09	10
10	10	0
10	11	176
10	12	82
10	13	61
11	00	280
11	01	35
11	02	50
11	03	15
11	04	11
11	05	5
11	06	4
11	07	3
11	08	1
11	09	4
11	10	6
11	11	0
11	12	25
11	13	23
12	00	55
12	01	68
12	02	2
12	03	1
12	04	3
12	05	2
12	06	2
12	07	3
12	08	2
12	09	3
12	10	8
12	11	7
12	12	0
12	13	36
13	00	4
13	01	12
13	02	0
13	03	0
13	04	0
13	05	0
13	06	0
13	07	0
13	08	0
13	09	0
13	10	0
13	11	0
13	12	0
13	13	0
