$O;D2
*From-time To-Time
13.0 14.0 
*factor
1
*
00	00	0
00	01	2
00	02	77
00	03	184
00	04	3
00	05	4
00	06	95
00	07	106
00	08	4
00	09	6
00	10	2
00	11	6
00	12	2
00	13	1
01	00	16
01	01	0
01	02	149
01	03	6
01	04	30
01	05	25
01	06	23
01	07	55
01	08	30
01	09	14
01	10	17
01	11	26
01	12	29
01	13	21
02	00	0
02	01	0
02	02	0
02	03	0
02	04	0
02	05	0
02	06	0
02	07	0
02	08	0
02	09	0
02	10	0
02	11	0
02	12	0
02	13	0
03	00	23
03	01	0
03	02	19
03	03	51
03	04	0
03	05	4
03	06	6
03	07	25
03	08	14
03	09	11
03	10	27
03	11	89
03	12	9
03	13	23
04	00	15
04	01	23
04	02	31
04	03	17
04	04	0
04	05	8
04	06	7
04	07	24
04	08	18
04	09	35
04	10	10
04	11	19
04	12	29
04	13	13
05	00	24
05	01	9
05	02	36
05	03	4
05	04	8
05	05	0
05	06	7
05	07	12
05	08	9
05	09	23
05	10	9
05	11	26
05	12	12
05	13	6
06	00	17
06	01	33
06	02	15
06	03	48
06	04	13
06	05	0
06	06	0
06	07	5
06	08	6
06	09	3
06	10	35
06	11	25
06	12	40
06	13	31
07	00	39
07	01	35
07	02	71
07	03	13
07	04	12
07	05	8
07	06	1
07	07	0
07	08	6
07	09	28
07	10	18
07	11	23
07	12	17
07	13	27
08	00	18
08	01	29
08	02	10
08	03	28
08	04	6
08	05	2
08	06	6
08	07	5
08	08	0
08	09	7
08	10	3
08	11	6
08	12	16
08	13	43
09	00	118
09	01	28
09	02	1
09	03	3
09	04	4
09	05	5
09	06	3
09	07	6
09	08	4
09	09	0
09	10	139
09	11	211
09	12	17
09	13	34
10	00	298
10	01	39
10	02	191
10	03	3716
10	04	18
10	05	2
10	06	4
10	07	6
10	08	6
10	09	6
10	10	0
10	11	130
10	12	20
10	13	24
11	00	104
11	01	16
11	02	24
11	03	10
11	04	12
11	05	3
11	06	2
11	07	2
11	08	2
11	09	2
11	10	6
11	11	0
11	12	12
11	13	27
12	00	46
12	01	70
12	02	1
12	03	2
12	04	2
12	05	1
12	06	2
12	07	2
12	08	1
12	09	3
12	10	5
12	11	3
12	12	0
12	13	15
13	00	3
13	01	6
13	02	0
13	03	0
13	04	0
13	05	0
13	06	0
13	07	0
13	08	0
13	09	0
13	10	0
13	11	0
13	12	0
13	13	0
