$O;D2
*From-time To-Time
13.0 14.0 
*factor
1
*
00	00	0
00	01	1
00	02	54
00	03	517
00	04	5
00	05	4
00	06	144
00	07	73
00	08	6
00	09	5
00	10	3
00	11	7
00	12	3
00	13	2
01	00	13
01	01	0
01	02	71
01	03	6
01	04	17
01	05	22
01	06	18
01	07	37
01	08	32
01	09	17
01	10	11
01	11	31
01	12	24
01	13	26
02	00	0
02	01	0
02	02	0
02	03	0
02	04	0
02	05	0
02	06	0
02	07	0
02	08	0
02	09	0
02	10	0
02	11	0
02	12	0
02	13	0
03	00	14
03	01	0
03	02	12
03	03	55
03	04	0
03	05	5
03	06	9
03	07	23
03	08	16
03	09	20
03	10	27
03	11	90
03	12	14
03	13	24
04	00	12
04	01	55
04	02	20
04	03	16
04	04	0
04	05	9
04	06	6
04	07	11
04	08	10
04	09	24
04	10	16
04	11	16
04	12	28
04	13	36
05	00	34
05	01	10
05	02	17
05	03	6
05	04	7
05	05	0
05	06	7
05	07	13
05	08	6
05	09	16
05	10	19
05	11	31
05	12	26
05	13	8
06	00	22
06	01	32
06	02	35
06	03	39
06	04	13
06	05	0
06	06	0
06	07	7
06	08	7
06	09	6
06	10	19
06	11	33
06	12	24
06	13	12
07	00	62
07	01	40
07	02	25
07	03	15
07	04	12
07	05	4
07	06	2
07	07	0
07	08	7
07	09	25
07	10	26
07	11	20
07	12	43
07	13	25
08	00	10
08	01	14
08	02	20
08	03	13
08	04	7
08	05	2
08	06	3
08	07	5
08	08	0
08	09	6
08	10	7
08	11	5
08	12	15
08	13	31
09	00	84
09	01	31
09	02	1
09	03	4
09	04	4
09	05	7
09	06	3
09	07	7
09	08	4
09	09	0
09	10	146
09	11	104
09	12	13
09	13	22
10	00	122
10	01	26
10	02	168
10	03	1754
10	04	26
10	05	3
10	06	4
10	07	3
10	08	4
10	09	5
10	10	0
10	11	64
10	12	34
10	13	32
11	00	146
11	01	23
11	02	18
11	03	9
11	04	5
11	05	2
11	06	4
11	07	2
11	08	2
11	09	3
11	10	4
11	11	0
11	12	21
11	13	19
12	00	23
12	01	37
12	02	1
12	03	1
12	04	2
12	05	1
12	06	1
12	07	3
12	08	1
12	09	2
12	10	6
12	11	3
12	12	0
12	13	21
13	00	4
13	01	5
13	02	0
13	03	0
13	04	0
13	05	0
13	06	0
13	07	0
13	08	0
13	09	0
13	10	0
13	11	0
13	12	0
13	13	0
