$O;D2
*From-time To-Time
11.0 12.0 
*factor
1
*
00	00	0
00	01	1
00	02	132
00	03	280
00	04	4
00	05	7
00	06	75
00	07	62
00	08	4
00	09	5
00	10	2
00	11	9
00	12	3
00	13	1
01	00	10
01	01	0
01	02	140
01	03	3
01	04	15
01	05	14
01	06	38
01	07	57
01	08	25
01	09	21
01	10	8
01	11	16
01	12	23
01	13	19
02	00	0
02	01	0
02	02	0
02	03	0
02	04	0
02	05	0
02	06	0
02	07	0
02	08	0
02	09	0
02	10	0
02	11	0
02	12	0
02	13	0
03	00	24
03	01	0
03	02	16
03	03	47
03	04	0
03	05	3
03	06	5
03	07	15
03	08	15
03	09	11
03	10	16
03	11	72
03	12	10
03	13	13
04	00	16
04	01	53
04	02	21
04	03	20
04	04	0
04	05	17
04	06	8
04	07	30
04	08	21
04	09	41
04	10	19
04	11	11
04	12	31
04	13	32
05	00	20
05	01	16
05	02	42
05	03	3
05	04	7
05	05	0
05	06	8
05	07	8
05	08	7
05	09	20
05	10	13
05	11	17
05	12	15
05	13	9
06	00	16
06	01	40
06	02	31
06	03	51
06	04	31
06	05	0
06	06	0
06	07	6
06	08	8
06	09	6
06	10	20
06	11	17
06	12	22
06	13	13
07	00	49
07	01	16
07	02	45
07	03	19
07	04	13
07	05	11
07	06	2
07	07	0
07	08	10
07	09	18
07	10	38
07	11	33
07	12	42
07	13	30
08	00	9
08	01	19
08	02	10
08	03	22
08	04	7
08	05	2
08	06	2
08	07	5
08	08	0
08	09	8
08	10	3
08	11	3
08	12	22
08	13	33
09	00	96
09	01	13
09	02	2
09	03	2
09	04	4
09	05	5
09	06	5
09	07	8
09	08	3
09	09	0
09	10	134
09	11	112
09	12	13
09	13	22
10	00	250
10	01	39
10	02	117
10	03	1231
10	04	28
10	05	2
10	06	2
10	07	5
10	08	4
10	09	5
10	10	0
10	11	127
10	12	18
10	13	50
11	00	173
11	01	15
11	02	21
11	03	8
11	04	7
11	05	3
11	06	4
11	07	1
11	08	2
11	09	3
11	10	5
11	11	0
11	12	14
11	13	24
12	00	20
12	01	66
12	02	2
12	03	1
12	04	2
12	05	1
12	06	1
12	07	2
12	08	1
12	09	3
12	10	4
12	11	3
12	12	0
12	13	29
13	00	5
13	01	6
13	02	0
13	03	0
13	04	0
13	05	0
13	06	0
13	07	0
13	08	0
13	09	0
13	10	0
13	11	0
13	12	0
13	13	0
