$O;D2
*From-time To-Time
5.0 6.0 
*factor
1
*
00	00	0
00	01	0
00	02	24
00	03	118
00	04	2
00	05	1
00	06	18
00	07	10
00	08	1
00	09	1
00	10	0
00	11	2
00	12	0
00	13	0
01	00	3
01	01	0
01	02	29
01	03	2
01	04	4
01	05	6
01	06	8
01	07	10
01	08	8
01	09	5
01	10	2
01	11	4
01	12	7
01	13	6
02	00	0
02	01	0
02	02	0
02	03	0
02	04	0
02	05	0
02	06	0
02	07	0
02	08	0
02	09	0
02	10	0
02	11	0
02	12	0
02	13	0
03	00	4
03	01	0
03	02	3
03	03	7
03	04	0
03	05	2
03	06	1
03	07	4
03	08	2
03	09	6
03	10	3
03	11	19
03	12	2
03	13	3
04	00	5
04	01	10
04	02	3
04	03	7
04	04	0
04	05	2
04	06	2
04	07	8
04	08	5
04	09	6
04	10	4
04	11	5
04	12	6
04	13	5
05	00	8
05	01	4
05	02	10
05	03	1
05	04	1
05	05	0
05	06	3
05	07	2
05	08	2
05	09	6
05	10	6
05	11	7
05	12	8
05	13	2
06	00	5
06	01	10
06	02	7
06	03	12
06	04	7
06	05	0
06	06	0
06	07	2
06	08	2
06	09	1
06	10	9
06	11	11
06	12	10
06	13	5
07	00	12
07	01	6
07	02	15
07	03	3
07	04	2
07	05	3
07	06	0
07	07	0
07	08	3
07	09	7
07	10	7
07	11	8
07	12	5
07	13	6
08	00	5
08	01	6
08	02	4
08	03	5
08	04	2
08	05	0
08	06	1
08	07	1
08	08	0
08	09	1
08	10	1
08	11	1
08	12	4
08	13	8
09	00	17
09	01	3
09	02	0
09	03	2
09	04	1
09	05	2
09	06	2
09	07	2
09	08	2
09	09	0
09	10	19
09	11	40
09	12	3
09	13	3
10	00	72
10	01	7
10	02	38
10	03	379
10	04	8
10	05	0
10	06	2
10	07	2
10	08	1
10	09	2
10	10	0
10	11	24
10	12	7
10	13	5
11	00	39
11	01	4
11	02	6
11	03	3
11	04	2
11	05	0
11	06	2
11	07	0
11	08	0
11	09	0
11	10	2
11	11	0
11	12	4
11	13	7
12	00	9
12	01	17
12	02	0
12	03	0
12	04	0
12	05	0
12	06	0
12	07	0
12	08	0
12	09	0
12	10	1
12	11	2
12	12	0
12	13	6
13	00	1
13	01	1
13	02	0
13	03	0
13	04	0
13	05	0
13	06	0
13	07	0
13	08	0
13	09	0
13	10	0
13	11	0
13	12	0
13	13	0
