$O;D2
*From-time To-Time
7.0 8.0 
*factor
1
*
00	00	0
00	01	2
00	02	200
00	03	360
00	04	4
00	05	11
00	06	203
00	07	140
00	08	3
00	09	6
00	10	3
00	11	12
00	12	4
00	13	2
01	00	22
01	01	0
01	02	203
01	03	5
01	04	53
01	05	32
01	06	32
01	07	69
01	08	30
01	09	17
01	10	20
01	11	47
01	12	43
01	13	21
02	00	0
02	01	0
02	02	0
02	03	0
02	04	0
02	05	0
02	06	0
02	07	0
02	08	0
02	09	0
02	10	0
02	11	0
02	12	0
02	13	0
03	00	28
03	01	0
03	02	24
03	03	42
03	04	0
03	05	6
03	06	9
03	07	33
03	08	19
03	09	33
03	10	23
03	11	70
03	12	12
03	13	13
04	00	38
04	01	56
04	02	34
04	03	34
04	04	0
04	05	21
04	06	13
04	07	39
04	08	24
04	09	30
04	10	15
04	11	21
04	12	44
04	13	32
05	00	30
05	01	20
05	02	64
05	03	8
05	04	6
05	05	0
05	06	20
05	07	17
05	08	11
05	09	16
05	10	32
05	11	45
05	12	34
05	13	6
06	00	36
06	01	54
06	02	41
06	03	91
06	04	45
06	05	0
06	06	0
06	07	9
06	08	15
06	09	7
06	10	24
06	11	52
06	12	35
06	13	27
07	00	56
07	01	25
07	02	83
07	03	31
07	04	16
07	05	12
07	06	2
07	07	0
07	08	11
07	09	26
07	10	53
07	11	38
07	12	51
07	13	40
08	00	20
08	01	40
08	02	18
08	03	31
08	04	10
08	05	5
08	06	4
08	07	9
08	08	0
08	09	11
08	10	6
08	11	5
08	12	27
08	13	57
09	00	259
09	01	33
09	02	3
09	03	3
09	04	4
09	05	8
09	06	4
09	07	11
09	08	3
09	09	0
09	10	216
09	11	257
09	12	17
09	13	17
10	00	443
10	01	42
10	02	176
10	03	2677
10	04	22
10	05	5
10	06	4
10	07	6
10	08	8
10	09	9
10	10	0
10	11	228
10	12	33
10	13	30
11	00	156
11	01	23
11	02	26
11	03	30
11	04	11
11	05	4
11	06	5
11	07	2
11	08	2
11	09	4
11	10	8
11	11	0
11	12	21
11	13	20
12	00	39
12	01	48
12	02	3
12	03	2
12	04	4
12	05	2
12	06	2
12	07	4
12	08	3
12	09	4
12	10	8
12	11	6
12	12	0
12	13	40
13	00	6
13	01	7
13	02	0
13	03	0
13	04	0
13	05	0
13	06	0
13	07	0
13	08	0
13	09	0
13	10	0
13	11	0
13	12	0
13	13	0
