$O;D2
*From-time To-Time
6.0 7.0 
*factor
1
*
00	00	0
00	01	2
00	02	130
00	03	399
00	04	3
00	05	6
00	06	132
00	07	43
00	08	4
00	09	4
00	10	3
00	11	6
00	12	3
00	13	2
01	00	10
01	01	0
01	02	85
01	03	3
01	04	35
01	05	14
01	06	21
01	07	52
01	08	18
01	09	23
01	10	7
01	11	20
01	12	25
01	13	18
02	00	0
02	01	0
02	02	0
02	03	0
02	04	0
02	05	0
02	06	0
02	07	0
02	08	0
02	09	0
02	10	0
02	11	0
02	12	0
02	13	0
03	00	11
03	01	0
03	02	7
03	03	23
03	04	0
03	05	4
03	06	6
03	07	17
03	08	14
03	09	9
03	10	18
03	11	72
03	12	7
03	13	15
04	00	10
04	01	46
04	02	13
04	03	15
04	04	0
04	05	11
04	06	9
04	07	12
04	08	13
04	09	20
04	10	11
04	11	18
04	12	10
04	13	27
05	00	26
05	01	11
05	02	27
05	03	4
05	04	4
05	05	0
05	06	8
05	07	9
05	08	5
05	09	11
05	10	9
05	11	15
05	12	21
05	13	9
06	00	14
06	01	22
06	02	31
06	03	22
06	04	19
06	05	0
06	06	0
06	07	8
06	08	8
06	09	4
06	10	32
06	11	38
06	12	32
06	13	21
07	00	50
07	01	16
07	02	41
07	03	11
07	04	17
07	05	5
07	06	1
07	07	0
07	08	7
07	09	22
07	10	32
07	11	33
07	12	22
07	13	21
08	00	11
08	01	13
08	02	10
08	03	12
08	04	6
08	05	3
08	06	3
08	07	3
08	08	0
08	09	4
08	10	3
08	11	7
08	12	21
08	13	24
09	00	133
09	01	19
09	02	2
09	03	2
09	04	5
09	05	3
09	06	2
09	07	5
09	08	3
09	09	0
09	10	98
09	11	186
09	12	17
09	13	25
10	00	131
10	01	44
10	02	83
10	03	2786
10	04	23
10	05	2
10	06	3
10	07	4
10	08	3
10	09	5
10	10	0
10	11	71
10	12	36
10	13	26
11	00	170
11	01	10
11	02	22
11	03	11
11	04	7
11	05	2
11	06	3
11	07	1
11	08	2
11	09	2
11	10	4
11	11	0
11	12	9
11	13	22
12	00	17
12	01	35
12	02	1
12	03	1
12	04	3
12	05	2
12	06	2
12	07	3
12	08	2
12	09	3
12	10	3
12	11	2
12	12	0
12	13	32
13	00	2
13	01	4
13	02	0
13	03	0
13	04	0
13	05	0
13	06	0
13	07	0
13	08	0
13	09	0
13	10	0
13	11	0
13	12	0
13	13	0
