$O;D2
*From-time To-Time
22.0 23.0 
*factor
1
*
00	00	0
00	01	1
00	02	34
00	03	190
00	04	1
00	05	2
00	06	20
00	07	20
00	08	2
00	09	3
00	10	1
00	11	2
00	12	1
00	13	0
01	00	6
01	01	0
01	02	42
01	03	2
01	04	13
01	05	5
01	06	15
01	07	9
01	08	11
01	09	5
01	10	7
01	11	6
01	12	13
01	13	5
02	00	0
02	01	0
02	02	0
02	03	0
02	04	0
02	05	0
02	06	0
02	07	0
02	08	0
02	09	0
02	10	0
02	11	0
02	12	0
02	13	0
03	00	5
03	01	0
03	02	4
03	03	10
03	04	0
03	05	1
03	06	2
03	07	6
03	08	4
03	09	4
03	10	10
03	11	40
03	12	4
03	13	8
04	00	11
04	01	9
04	02	6
04	03	13
04	04	0
04	05	4
04	06	2
04	07	6
04	08	8
04	09	9
04	10	4
04	11	9
04	12	7
04	13	9
05	00	13
05	01	9
05	02	17
05	03	2
05	04	3
05	05	0
05	06	3
05	07	3
05	08	6
05	09	8
05	10	6
05	11	9
05	12	12
05	13	4
06	00	7
06	01	8
06	02	13
06	03	13
06	04	11
06	05	0
06	06	0
06	07	4
06	08	4
06	09	3
06	10	8
06	11	16
06	12	12
06	13	12
07	00	15
07	01	12
07	02	10
07	03	9
07	04	7
07	05	3
07	06	0
07	07	0
07	08	4
07	09	12
07	10	11
07	11	9
07	12	18
07	13	6
08	00	7
08	01	6
08	02	9
08	03	5
08	04	4
08	05	1
08	06	2
08	07	3
08	08	0
08	09	3
08	10	2
08	11	2
08	12	7
08	13	10
09	00	32
09	01	11
09	02	1
09	03	1
09	04	1
09	05	2
09	06	1
09	07	2
09	08	2
09	09	0
09	10	45
09	11	64
09	12	6
09	13	6
10	00	79
10	01	14
10	02	34
10	03	744
10	04	9
10	05	2
10	06	2
10	07	2
10	08	2
10	09	3
10	10	0
10	11	57
10	12	18
10	13	11
11	00	33
11	01	5
11	02	8
11	03	6
11	04	2
11	05	1
11	06	2
11	07	2
11	08	0
11	09	1
11	10	2
11	11	0
11	12	8
11	13	7
12	00	16
12	01	15
12	02	1
12	03	0
12	04	1
12	05	2
12	06	1
12	07	2
12	08	2
12	09	1
12	10	2
12	11	1
12	12	0
12	13	13
13	00	1
13	01	2
13	02	0
13	03	0
13	04	0
13	05	0
13	06	0
13	07	0
13	08	0
13	09	0
13	10	0
13	11	0
13	12	0
13	13	0
