$O;D2
*From-time To-Time
22.0 23.0 
*factor
1
*
00	00	0
00	01	1
00	02	42
00	03	130
00	04	2
00	05	2
00	06	45
00	07	42
00	08	1
00	09	2
00	10	1
00	11	3
00	12	2
00	13	0
01	00	6
01	01	0
01	02	41
01	03	2
01	04	13
01	05	7
01	06	16
01	07	16
01	08	13
01	09	7
01	10	4
01	11	8
01	12	14
01	13	10
02	00	0
02	01	0
02	02	0
02	03	0
02	04	0
02	05	0
02	06	0
02	07	0
02	08	0
02	09	0
02	10	0
02	11	0
02	12	0
02	13	0
03	00	9
03	01	0
03	02	7
03	03	12
03	04	0
03	05	1
03	06	2
03	07	11
03	08	6
03	09	4
03	10	4
03	11	24
03	12	5
03	13	6
04	00	5
04	01	11
04	02	9
04	03	11
04	04	0
04	05	3
04	06	5
04	07	6
04	08	9
04	09	11
04	10	6
04	11	9
04	12	14
04	13	11
05	00	15
05	01	4
05	02	10
05	03	2
05	04	3
05	05	0
05	06	6
05	07	5
05	08	6
05	09	6
05	10	6
05	11	11
05	12	6
05	13	5
06	00	9
06	01	7
06	02	11
06	03	26
06	04	10
06	05	0
06	06	0
06	07	5
06	08	5
06	09	3
06	10	9
06	11	8
06	12	21
06	13	6
07	00	28
07	01	10
07	02	22
07	03	10
07	04	8
07	05	3
07	06	0
07	07	0
07	08	4
07	09	5
07	10	15
07	11	8
07	12	11
07	13	5
08	00	3
08	01	5
08	02	9
08	03	7
08	04	5
08	05	1
08	06	1
08	07	3
08	08	0
08	09	3
08	10	2
08	11	3
08	12	5
08	13	7
09	00	74
09	01	7
09	02	1
09	03	2
09	04	1
09	05	2
09	06	2
09	07	3
09	08	1
09	09	0
09	10	44
09	11	68
09	12	7
09	13	12
10	00	65
10	01	16
10	02	81
10	03	1256
10	04	8
10	05	1
10	06	1
10	07	2
10	08	3
10	09	3
10	10	0
10	11	49
10	12	13
10	13	17
11	00	33
11	01	6
11	02	6
11	03	7
11	04	2
11	05	1
11	06	1
11	07	1
11	08	0
11	09	2
11	10	2
11	11	0
11	12	4
11	13	9
12	00	9
12	01	11
12	02	2
12	03	0
12	04	2
12	05	1
12	06	2
12	07	1
12	08	1
12	09	2
12	10	1
12	11	1
12	12	0
12	13	12
13	00	1
13	01	3
13	02	0
13	03	0
13	04	0
13	05	0
13	06	0
13	07	0
13	08	0
13	09	0
13	10	0
13	11	0
13	12	0
13	13	0
