$O;D2
*From-time To-Time
12.0 13.0 
*factor
1
*
00	00	0
00	01	2
00	02	92
00	03	231
00	04	3
00	05	3
00	06	117
00	07	68
00	08	5
00	09	3
00	10	3
00	11	7
00	12	3
00	13	1
01	00	12
01	01	0
01	02	154
01	03	4
01	04	35
01	05	11
01	06	29
01	07	44
01	08	23
01	09	26
01	10	14
01	11	29
01	12	24
01	13	23
02	00	0
02	01	0
02	02	0
02	03	0
02	04	0
02	05	0
02	06	0
02	07	0
02	08	0
02	09	0
02	10	0
02	11	0
02	12	0
02	13	0
03	00	15
03	01	0
03	02	23
03	03	42
03	04	0
03	05	5
03	06	4
03	07	29
03	08	12
03	09	17
03	10	27
03	11	66
03	12	11
03	13	21
04	00	24
04	01	49
04	02	25
04	03	26
04	04	0
04	05	21
04	06	11
04	07	12
04	08	17
04	09	31
04	10	17
04	11	18
04	12	18
04	13	21
05	00	34
05	01	18
05	02	37
05	03	4
05	04	5
05	05	0
05	06	8
05	07	6
05	08	12
05	09	23
05	10	12
05	11	22
05	12	20
05	13	9
06	00	12
06	01	33
06	02	22
06	03	55
06	04	30
06	05	0
06	06	0
06	07	12
06	08	10
06	09	6
06	10	16
06	11	31
06	12	22
06	13	23
07	00	29
07	01	46
07	02	37
07	03	32
07	04	23
07	05	9
07	06	1
07	07	0
07	08	7
07	09	14
07	10	42
07	11	20
07	12	26
07	13	22
08	00	19
08	01	21
08	02	24
08	03	30
08	04	6
08	05	2
08	06	6
08	07	6
08	08	0
08	09	7
08	10	7
08	11	7
08	12	23
08	13	36
09	00	87
09	01	28
09	02	2
09	03	5
09	04	5
09	05	7
09	06	5
09	07	6
09	08	2
09	09	0
09	10	105
09	11	150
09	12	15
09	13	16
10	00	186
10	01	38
10	02	202
10	03	3018
10	04	15
10	05	3
10	06	5
10	07	4
10	08	3
10	09	5
10	10	0
10	11	88
10	12	51
10	13	48
11	00	118
11	01	16
11	02	32
11	03	14
11	04	11
11	05	3
11	06	4
11	07	1
11	08	1
11	09	2
11	10	6
11	11	0
11	12	13
11	13	22
12	00	29
12	01	75
12	02	1
12	03	2
12	04	2
12	05	1
12	06	2
12	07	2
12	08	1
12	09	3
12	10	4
12	11	5
12	12	0
12	13	37
13	00	4
13	01	4
13	02	0
13	03	0
13	04	0
13	05	0
13	06	0
13	07	0
13	08	0
13	09	0
13	10	0
13	11	0
13	12	0
13	13	0
