$O;D2
*From-time To-Time
9.0 10.0 
*factor
1
*
00	00	0
00	01	1
00	02	126
00	03	325
00	04	5
00	05	5
00	06	115
00	07	80
00	08	6
00	09	3
00	10	3
00	11	7
00	12	2
00	13	2
01	00	13
01	01	0
01	02	135
01	03	5
01	04	23
01	05	13
01	06	20
01	07	53
01	08	13
01	09	20
01	10	15
01	11	26
01	12	21
01	13	27
02	00	0
02	01	0
02	02	0
02	03	0
02	04	0
02	05	0
02	06	0
02	07	0
02	08	0
02	09	0
02	10	0
02	11	0
02	12	0
02	13	0
03	00	14
03	01	0
03	02	16
03	03	24
03	04	0
03	05	5
03	06	6
03	07	26
03	08	14
03	09	11
03	10	16
03	11	101
03	12	9
03	13	18
04	00	20
04	01	27
04	02	19
04	03	24
04	04	0
04	05	17
04	06	7
04	07	25
04	08	11
04	09	44
04	10	14
04	11	13
04	12	32
04	13	27
05	00	23
05	01	14
05	02	25
05	03	6
05	04	8
05	05	0
05	06	14
05	07	6
05	08	11
05	09	17
05	10	10
05	11	30
05	12	21
05	13	7
06	00	17
06	01	40
06	02	26
06	03	48
06	04	28
06	05	0
06	06	0
06	07	8
06	08	7
06	09	3
06	10	39
06	11	20
06	12	34
06	13	12
07	00	31
07	01	38
07	02	25
07	03	14
07	04	13
07	05	8
07	06	2
07	07	0
07	08	9
07	09	28
07	10	33
07	11	34
07	12	44
07	13	31
08	00	17
08	01	21
08	02	13
08	03	15
08	04	6
08	05	2
08	06	3
08	07	4
08	08	0
08	09	8
08	10	7
08	11	5
08	12	17
08	13	42
09	00	207
09	01	15
09	02	2
09	03	4
09	04	4
09	05	5
09	06	5
09	07	5
09	08	3
09	09	0
09	10	112
09	11	109
09	12	11
09	13	27
10	00	118
10	01	34
10	02	87
10	03	2291
10	04	27
10	05	3
10	06	3
10	07	6
10	08	5
10	09	8
10	10	0
10	11	124
10	12	40
10	13	25
11	00	193
11	01	20
11	02	33
11	03	11
11	04	11
11	05	3
11	06	2
11	07	2
11	08	1
11	09	2
11	10	5
11	11	0
11	12	20
11	13	30
12	00	29
12	01	69
12	02	1
12	03	1
12	04	2
12	05	2
12	06	1
12	07	2
12	08	1
12	09	3
12	10	5
12	11	3
12	12	0
12	13	23
13	00	4
13	01	8
13	02	0
13	03	0
13	04	0
13	05	0
13	06	0
13	07	0
13	08	0
13	09	0
13	10	0
13	11	0
13	12	0
13	13	0
