$O;D2
*From-time To-Time
21.0 22.0 
*factor
1
*
00	00	0
00	01	2
00	02	58
00	03	196
00	04	2
00	05	5
00	06	66
00	07	37
00	08	2
00	09	2
00	10	2
00	11	3
00	12	1
00	13	0
01	00	7
01	01	0
01	02	65
01	03	2
01	04	14
01	05	8
01	06	12
01	07	32
01	08	13
01	09	8
01	10	6
01	11	11
01	12	15
01	13	14
02	00	0
02	01	0
02	02	0
02	03	0
02	04	0
02	05	0
02	06	0
02	07	0
02	08	0
02	09	0
02	10	0
02	11	0
02	12	0
02	13	0
03	00	19
03	01	0
03	02	7
03	03	21
03	04	0
03	05	2
03	06	3
03	07	12
03	08	6
03	09	11
03	10	16
03	11	40
03	12	7
03	13	10
04	00	10
04	01	19
04	02	8
04	03	17
04	04	0
04	05	10
04	06	6
04	07	9
04	08	9
04	09	17
04	10	13
04	11	12
04	12	14
04	13	10
05	00	10
05	01	13
05	02	17
05	03	3
05	04	4
05	05	0
05	06	8
05	07	3
05	08	5
05	09	12
05	10	9
05	11	9
05	12	15
05	13	3
06	00	14
06	01	22
06	02	9
06	03	27
06	04	11
06	05	0
06	06	0
06	07	7
06	08	3
06	09	2
06	10	25
06	11	22
06	12	17
06	13	13
07	00	25
07	01	25
07	02	30
07	03	19
07	04	13
07	05	3
07	06	0
07	07	0
07	08	5
07	09	12
07	10	24
07	11	30
07	12	27
07	13	13
08	00	10
08	01	17
08	02	9
08	03	15
08	04	6
08	05	1
08	06	2
08	07	2
08	08	0
08	09	3
08	10	4
08	11	3
08	12	7
08	13	13
09	00	69
09	01	18
09	02	1
09	03	3
09	04	3
09	05	3
09	06	3
09	07	3
09	08	2
09	09	0
09	10	73
09	11	82
09	12	12
09	13	19
10	00	85
10	01	15
10	02	98
10	03	1111
10	04	12
10	05	1
10	06	2
10	07	3
10	08	3
10	09	3
10	10	0
10	11	97
10	12	27
10	13	14
11	00	83
11	01	8
11	02	10
11	03	11
11	04	4
11	05	1
11	06	2
11	07	2
11	08	0
11	09	2
11	10	2
11	11	0
11	12	13
11	13	8
12	00	24
12	01	34
12	02	1
12	03	0
12	04	2
12	05	1
12	06	2
12	07	1
12	08	1
12	09	1
12	10	2
12	11	2
12	12	0
12	13	21
13	00	3
13	01	2
13	02	0
13	03	0
13	04	0
13	05	0
13	06	0
13	07	0
13	08	0
13	09	0
13	10	0
13	11	0
13	12	0
13	13	0
