$O;D2
*From-time To-Time
17.0 18.0 
*factor
1
*
00	00	0
00	01	2
00	02	246
00	03	761
00	04	3
00	05	9
00	06	151
00	07	149
00	08	7
00	09	5
00	10	4
00	11	10
00	12	4
00	13	2
01	00	10
01	01	0
01	02	157
01	03	7
01	04	58
01	05	45
01	06	60
01	07	47
01	08	56
01	09	18
01	10	26
01	11	52
01	12	53
01	13	25
02	00	0
02	01	0
02	02	0
02	03	0
02	04	0
02	05	0
02	06	0
02	07	0
02	08	0
02	09	0
02	10	0
02	11	0
02	12	0
02	13	0
03	00	27
03	01	0
03	02	34
03	03	56
03	04	0
03	05	4
03	06	11
03	07	46
03	08	14
03	09	32
03	10	33
03	11	165
03	12	20
03	13	22
04	00	43
04	01	36
04	02	51
04	03	52
04	04	0
04	05	28
04	06	9
04	07	35
04	08	38
04	09	63
04	10	20
04	11	16
04	12	32
04	13	58
05	00	51
05	01	13
05	02	64
05	03	8
05	04	7
05	05	0
05	06	14
05	07	11
05	08	19
05	09	20
05	10	24
05	11	46
05	12	27
05	13	11
06	00	30
06	01	26
06	02	54
06	03	73
06	04	29
06	05	0
06	06	0
06	07	13
06	08	14
06	09	9
06	10	48
06	11	61
06	12	37
06	13	33
07	00	116
07	01	65
07	02	75
07	03	42
07	04	29
07	05	7
07	06	1
07	07	0
07	08	12
07	09	49
07	10	24
07	11	42
07	12	57
07	13	49
08	00	33
08	01	50
08	02	39
08	03	39
08	04	16
08	05	4
08	06	5
08	07	4
08	08	0
08	09	12
08	10	11
08	11	7
08	12	16
08	13	41
09	00	324
09	01	45
09	02	3
09	03	4
09	04	8
09	05	10
09	06	4
09	07	6
09	08	8
09	09	0
09	10	113
09	11	359
09	12	22
09	13	20
10	00	217
10	01	75
10	02	247
10	03	3425
10	04	55
10	05	3
10	06	4
10	07	7
10	08	8
10	09	6
10	10	0
10	11	269
10	12	60
10	13	57
11	00	288
11	01	23
11	02	19
11	03	15
11	04	10
11	05	4
11	06	6
11	07	3
11	08	1
11	09	2
11	10	8
11	11	0
11	12	32
11	13	42
12	00	76
12	01	70
12	02	3
12	03	2
12	04	5
12	05	2
12	06	3
12	07	4
12	08	3
12	09	4
12	10	7
12	11	4
12	12	0
12	13	48
13	00	5
13	01	8
13	02	0
13	03	0
13	04	0
13	05	0
13	06	0
13	07	0
13	08	0
13	09	0
13	10	0
13	11	0
13	12	0
13	13	0
