$O;D2
*From-time To-Time
23.0 24.0 
*factor
1
*
00	00	0
00	01	0
00	02	26
00	03	96
00	04	1
00	05	2
00	06	21
00	07	20
00	08	1
00	09	2
00	10	1
00	11	3
00	12	2
00	13	0
01	00	3
01	01	0
01	02	42
01	03	2
01	04	5
01	05	6
01	06	15
01	07	9
01	08	10
01	09	8
01	10	6
01	11	11
01	12	5
01	13	3
02	00	0
02	01	0
02	02	0
02	03	0
02	04	0
02	05	0
02	06	0
02	07	0
02	08	0
02	09	0
02	10	0
02	11	0
02	12	0
02	13	0
03	00	9
03	01	0
03	02	4
03	03	17
03	04	0
03	05	2
03	06	2
03	07	9
03	08	4
03	09	4
03	10	8
03	11	23
03	12	3
03	13	4
04	00	9
04	01	15
04	02	7
04	03	9
04	04	0
04	05	3
04	06	4
04	07	8
04	08	6
04	09	12
04	10	4
04	11	6
04	12	5
04	13	6
05	00	6
05	01	4
05	02	7
05	03	1
05	04	3
05	05	0
05	06	3
05	07	3
05	08	5
05	09	7
05	10	3
05	11	8
05	12	9
05	13	3
06	00	6
06	01	13
06	02	8
06	03	15
06	04	4
06	05	0
06	06	0
06	07	3
06	08	3
06	09	2
06	10	13
06	11	10
06	12	9
06	13	7
07	00	11
07	01	10
07	02	14
07	03	7
07	04	4
07	05	2
07	06	0
07	07	0
07	08	2
07	09	9
07	10	10
07	11	7
07	12	14
07	13	8
08	00	3
08	01	8
08	02	3
08	03	8
08	04	4
08	05	1
08	06	1
08	07	2
08	08	0
08	09	2
08	10	3
08	11	2
08	12	5
08	13	6
09	00	43
09	01	5
09	02	0
09	03	2
09	04	2
09	05	3
09	06	1
09	07	3
09	08	2
09	09	0
09	10	38
09	11	27
09	12	7
09	13	6
10	00	57
10	01	8
10	02	35
10	03	698
10	04	9
10	05	2
10	06	2
10	07	2
10	08	2
10	09	3
10	10	0
10	11	22
10	12	15
10	13	15
11	00	34
11	01	7
11	02	5
11	03	5
11	04	3
11	05	1
11	06	2
11	07	0
11	08	0
11	09	1
11	10	2
11	11	0
11	12	7
11	13	7
12	00	14
12	01	15
12	02	0
12	03	0
12	04	2
12	05	0
12	06	0
12	07	1
12	08	0
12	09	1
12	10	1
12	11	1
12	12	0
12	13	11
13	00	2
13	01	3
13	02	0
13	03	0
13	04	0
13	05	0
13	06	0
13	07	0
13	08	0
13	09	0
13	10	0
13	11	0
13	12	0
13	13	0
