$O;D2
*From-time To-Time
21.0 22.0 
*factor
1
*
00	00	0
00	01	1
00	02	59
00	03	203
00	04	2
00	05	3
00	06	59
00	07	42
00	08	2
00	09	2
00	10	1
00	11	4
00	12	1
00	13	0
01	00	6
01	01	0
01	02	66
01	03	2
01	04	16
01	05	11
01	06	18
01	07	24
01	08	13
01	09	11
01	10	7
01	11	14
01	12	13
01	13	10
02	00	0
02	01	0
02	02	0
02	03	0
02	04	0
02	05	0
02	06	0
02	07	0
02	08	0
02	09	0
02	10	0
02	11	0
02	12	0
02	13	0
03	00	13
03	01	0
03	02	9
03	03	25
03	04	0
03	05	2
03	06	3
03	07	12
03	08	7
03	09	9
03	10	11
03	11	49
03	12	5
03	13	9
04	00	12
04	01	24
04	02	12
04	03	13
04	04	0
04	05	8
04	06	5
04	07	12
04	08	9
04	09	17
04	10	9
04	11	9
04	12	13
04	13	14
05	00	16
05	01	9
05	02	17
05	03	2
05	04	3
05	05	0
05	06	6
05	07	5
05	08	6
05	09	10
05	10	9
05	11	13
05	12	12
05	13	4
06	00	12
06	01	17
06	02	14
06	03	26
06	04	13
06	05	0
06	06	0
06	07	5
06	08	4
06	09	2
06	10	17
06	11	18
06	12	20
06	13	12
07	00	28
07	01	18
07	02	27
07	03	13
07	04	9
07	05	4
07	06	0
07	07	0
07	08	4
07	09	12
07	10	16
07	11	20
07	12	18
07	13	13
08	00	8
08	01	13
08	02	9
08	03	13
08	04	5
08	05	1
08	06	2
08	07	2
08	08	0
08	09	4
08	10	3
08	11	3
08	12	9
08	13	17
09	00	81
09	01	13
09	02	1
09	03	2
09	04	2
09	05	3
09	06	2
09	07	4
09	08	2
09	09	0
09	10	61
09	11	87
09	12	9
09	13	13
10	00	122
10	01	21
10	02	81
10	03	1419
10	04	13
10	05	1
10	06	2
10	07	2
10	08	2
10	09	3
10	10	0
10	11	65
10	12	20
10	13	21
11	00	81
11	01	9
11	02	13
11	03	9
11	04	4
11	05	1
11	06	2
11	07	1
11	08	0
11	09	1
11	10	2
11	11	0
11	12	9
11	13	13
12	00	18
12	01	30
12	02	1
12	03	0
12	04	1
12	05	1
12	06	1
12	07	1
12	08	1
12	09	1
12	10	2
12	11	2
12	12	0
12	13	15
13	00	2
13	01	3
13	02	0
13	03	0
13	04	0
13	05	0
13	06	0
13	07	0
13	08	0
13	09	0
13	10	0
13	11	0
13	12	0
13	13	0
