$O;D2
*From-time To-Time
20.0 21.0 
*factor
1
*
00	00	0
00	01	2
00	02	86
00	03	320
00	04	3
00	05	3
00	06	95
00	07	75
00	08	2
00	09	5
00	10	2
00	11	5
00	12	2
00	13	1
01	00	6
01	01	0
01	02	97
01	03	3
01	04	17
01	05	16
01	06	15
01	07	22
01	08	19
01	09	19
01	10	6
01	11	22
01	12	22
01	13	12
02	00	0
02	01	0
02	02	0
02	03	0
02	04	0
02	05	0
02	06	0
02	07	0
02	08	0
02	09	0
02	10	0
02	11	0
02	12	0
02	13	0
03	00	16
03	01	0
03	02	12
03	03	42
03	04	0
03	05	3
03	06	4
03	07	9
03	08	11
03	09	9
03	10	20
03	11	72
03	12	5
03	13	17
04	00	21
04	01	25
04	02	20
04	03	16
04	04	0
04	05	16
04	06	5
04	07	16
04	08	9
04	09	34
04	10	9
04	11	12
04	12	16
04	13	21
05	00	14
05	01	15
05	02	22
05	03	3
05	04	3
05	05	0
05	06	9
05	07	6
05	08	6
05	09	20
05	10	7
05	11	22
05	12	13
05	13	5
06	00	20
06	01	24
06	02	10
06	03	19
06	04	12
06	05	0
06	06	0
06	07	4
06	08	5
06	09	3
06	10	31
06	11	20
06	12	25
06	13	9
07	00	34
07	01	26
07	02	28
07	03	22
07	04	12
07	05	7
07	06	2
07	07	0
07	08	8
07	09	9
07	10	25
07	11	37
07	12	13
07	13	19
08	00	7
08	01	9
08	02	17
08	03	13
08	04	4
08	05	3
08	06	3
08	07	3
08	08	0
08	09	7
08	10	5
08	11	6
08	12	13
08	13	13
09	00	60
09	01	23
09	02	1
09	03	2
09	04	4
09	05	4
09	06	3
09	07	6
09	08	3
09	09	0
09	10	116
09	11	130
09	12	16
09	13	26
10	00	222
10	01	22
10	02	144
10	03	959
10	04	10
10	05	2
10	06	2
10	07	4
10	08	4
10	09	6
10	10	0
10	11	60
10	12	39
10	13	36
11	00	75
11	01	15
11	02	13
11	03	16
11	04	4
11	05	2
11	06	2
11	07	2
11	08	1
11	09	3
11	10	4
11	11	0
11	12	17
11	13	11
12	00	35
12	01	45
12	02	1
12	03	2
12	04	3
12	05	1
12	06	2
12	07	2
12	08	2
12	09	2
12	10	3
12	11	2
12	12	0
12	13	23
13	00	4
13	01	5
13	02	0
13	03	0
13	04	0
13	05	0
13	06	0
13	07	0
13	08	0
13	09	0
13	10	0
13	11	0
13	12	0
13	13	0
