$O;D2
*From-time To-Time
15.0 16.0 
*factor
1
*
00	00	0
00	01	3
00	02	191
00	03	294
00	04	6
00	05	8
00	06	119
00	07	101
00	08	5
00	09	4
00	10	4
00	11	7
00	12	3
00	13	2
01	00	18
01	01	0
01	02	144
01	03	7
01	04	39
01	05	34
01	06	48
01	07	44
01	08	38
01	09	27
01	10	20
01	11	26
01	12	18
01	13	13
02	00	0
02	01	0
02	02	0
02	03	0
02	04	0
02	05	0
02	06	0
02	07	0
02	08	0
02	09	0
02	10	0
02	11	0
02	12	0
02	13	0
03	00	34
03	01	0
03	02	12
03	03	55
03	04	0
03	05	5
03	06	4
03	07	16
03	08	12
03	09	30
03	10	14
03	11	158
03	12	9
03	13	17
04	00	35
04	01	76
04	02	28
04	03	32
04	04	0
04	05	18
04	06	17
04	07	30
04	08	30
04	09	55
04	10	26
04	11	16
04	12	23
04	13	43
05	00	26
05	01	12
05	02	38
05	03	5
05	04	10
05	05	0
05	06	8
05	07	10
05	08	15
05	09	23
05	10	24
05	11	22
05	12	24
05	13	11
06	00	27
06	01	45
06	02	26
06	03	85
06	04	36
06	05	0
06	06	0
06	07	10
06	08	10
06	09	7
06	10	57
06	11	56
06	12	51
06	13	14
07	00	51
07	01	50
07	02	32
07	03	39
07	04	17
07	05	14
07	06	1
07	07	0
07	08	8
07	09	37
07	10	42
07	11	29
07	12	23
07	13	18
08	00	11
08	01	29
08	02	17
08	03	32
08	04	17
08	05	3
08	06	8
08	07	4
08	08	0
08	09	7
08	10	7
08	11	5
08	12	22
08	13	46
09	00	195
09	01	25
09	02	2
09	03	4
09	04	8
09	05	9
09	06	5
09	07	10
09	08	3
09	09	0
09	10	69
09	11	111
09	12	14
09	13	31
10	00	228
10	01	48
10	02	131
10	03	3827
10	04	32
10	05	4
10	06	3
10	07	5
10	08	5
10	09	9
10	10	0
10	11	109
10	12	56
10	13	69
11	00	171
11	01	15
11	02	34
11	03	14
11	04	8
11	05	3
11	06	4
11	07	2
11	08	2
11	09	5
11	10	5
11	11	0
11	12	28
11	13	25
12	00	59
12	01	73
12	02	3
12	03	1
12	04	3
12	05	2
12	06	2
12	07	5
12	08	2
12	09	2
12	10	5
12	11	5
12	12	0
12	13	42
13	00	4
13	01	4
13	02	0
13	03	0
13	04	0
13	05	0
13	06	0
13	07	0
13	08	0
13	09	0
13	10	0
13	11	0
13	12	0
13	13	0
