$O;D2
*From-time To-Time
23.0 24.0 
*factor
1
*
00	00	0
00	01	0
00	02	25
00	03	102
00	04	1
00	05	2
00	06	36
00	07	18
00	08	2
00	09	2
00	10	2
00	11	2
00	12	1
00	13	0
01	00	4
01	01	0
01	02	35
01	03	2
01	04	5
01	05	6
01	06	11
01	07	11
01	08	6
01	09	5
01	10	4
01	11	9
01	12	5
01	13	5
02	00	0
02	01	0
02	02	0
02	03	0
02	04	0
02	05	0
02	06	0
02	07	0
02	08	0
02	09	0
02	10	0
02	11	0
02	12	0
02	13	0
03	00	9
03	01	0
03	02	4
03	03	13
03	04	0
03	05	2
03	06	2
03	07	7
03	08	6
03	09	4
03	10	8
03	11	33
03	12	3
03	13	5
04	00	7
04	01	7
04	02	4
04	03	10
04	04	0
04	05	4
04	06	4
04	07	6
04	08	4
04	09	8
04	10	7
04	11	5
04	12	9
04	13	9
05	00	12
05	01	4
05	02	6
05	03	2
05	04	2
05	05	0
05	06	3
05	07	3
05	08	4
05	09	6
05	10	3
05	11	9
05	12	5
05	13	3
06	00	8
06	01	5
06	02	5
06	03	10
06	04	11
06	05	0
06	06	0
06	07	3
06	08	3
06	09	1
06	10	6
06	11	6
06	12	12
06	13	4
07	00	8
07	01	10
07	02	8
07	03	6
07	04	4
07	05	2
07	06	0
07	07	0
07	08	2
07	09	9
07	10	9
07	11	8
07	12	9
07	13	6
08	00	3
08	01	9
08	02	4
08	03	6
08	04	3
08	05	2
08	06	2
08	07	2
08	08	0
08	09	3
08	10	2
08	11	2
08	12	8
08	13	14
09	00	29
09	01	11
09	02	0
09	03	2
09	04	1
09	05	2
09	06	2
09	07	2
09	08	1
09	09	0
09	10	24
09	11	25
09	12	4
09	13	4
10	00	67
10	01	9
10	02	27
10	03	916
10	04	6
10	05	2
10	06	2
10	07	1
10	08	1
10	09	2
10	10	0
10	11	39
10	12	13
10	13	16
11	00	63
11	01	4
11	02	7
11	03	7
11	04	2
11	05	2
11	06	2
11	07	0
11	08	0
11	09	1
11	10	1
11	11	0
11	12	8
11	13	7
12	00	7
12	01	12
12	02	0
12	03	0
12	04	1
12	05	0
12	06	0
12	07	2
12	08	0
12	09	1
12	10	1
12	11	1
12	12	0
12	13	6
13	00	1
13	01	2
13	02	0
13	03	0
13	04	0
13	05	0
13	06	0
13	07	0
13	08	0
13	09	0
13	10	0
13	11	0
13	12	0
13	13	0
