$O;D2
*From-time To-Time
8.0 9.0 
*factor
1
*
00	00	0
00	01	2
00	02	129
00	03	446
00	04	4
00	05	6
00	06	129
00	07	92
00	08	4
00	09	5
00	10	3
00	11	8
00	12	3
00	13	1
01	00	13
01	01	0
01	02	146
01	03	4
01	04	35
01	05	24
01	06	40
01	07	52
01	08	29
01	09	24
01	10	15
01	11	30
01	12	29
01	13	22
02	00	0
02	01	0
02	02	0
02	03	0
02	04	0
02	05	0
02	06	0
02	07	0
02	08	0
02	09	0
02	10	0
02	11	0
02	12	0
02	13	0
03	00	28
03	01	0
03	02	19
03	03	55
03	04	0
03	05	4
03	06	7
03	07	27
03	08	16
03	09	20
03	10	24
03	11	107
03	12	11
03	13	21
04	00	27
04	01	54
04	02	27
04	03	29
04	04	0
04	05	18
04	06	11
04	07	27
04	08	21
04	09	38
04	10	19
04	11	20
04	12	29
04	13	30
05	00	36
05	01	19
05	02	38
05	03	5
05	04	7
05	05	0
05	06	12
05	07	11
05	08	12
05	09	21
05	10	20
05	11	28
05	12	27
05	13	9
06	00	27
06	01	38
06	02	30
06	03	58
06	04	29
06	05	0
06	06	0
06	07	11
06	08	9
06	09	5
06	10	38
06	11	40
06	12	45
06	13	27
07	00	62
07	01	40
07	02	60
07	03	29
07	04	19
07	05	9
07	06	1
07	07	0
07	08	9
07	09	27
07	10	36
07	11	45
07	12	40
07	13	29
08	00	18
08	01	28
08	02	21
08	03	29
08	04	11
08	05	3
08	06	4
08	07	5
08	08	0
08	09	8
08	10	6
08	11	7
08	12	21
08	13	38
09	00	178
09	01	29
09	02	2
09	03	4
09	04	4
09	05	6
09	06	4
09	07	8
09	08	4
09	09	0
09	10	134
09	11	192
09	12	21
09	13	29
10	00	268
10	01	46
10	02	178
10	03	3122
10	04	29
10	05	3
10	06	4
10	07	4
10	08	5
10	09	6
10	10	0
10	11	143
10	12	45
10	13	45
11	00	178
11	01	19
11	02	29
11	03	19
11	04	10
11	05	3
11	06	4
11	07	2
11	08	1
11	09	3
11	10	4
11	11	0
11	12	21
11	13	29
12	00	40
12	01	65
12	02	2
12	03	1
12	04	3
12	05	2
12	06	2
12	07	3
12	08	2
12	09	3
12	10	4
12	11	4
12	12	0
12	13	34
13	00	4
13	01	6
13	02	0
13	03	0
13	04	0
13	05	0
13	06	0
13	07	0
13	08	0
13	09	0
13	10	0
13	11	0
13	12	0
13	13	0
