$O;D2
*From-time To-Time
22.0 23.0 
*factor
1
*
00	00	0
00	01	1
00	02	45
00	03	100
00	04	1
00	05	2
00	06	55
00	07	24
00	08	1
00	09	2
00	10	1
00	11	3
00	12	1
00	13	0
01	00	5
01	01	0
01	02	65
01	03	1
01	04	11
01	05	8
01	06	17
01	07	16
01	08	12
01	09	8
01	10	5
01	11	10
01	12	7
01	13	8
02	00	0
02	01	0
02	02	0
02	03	0
02	04	0
02	05	0
02	06	0
02	07	0
02	08	0
02	09	0
02	10	0
02	11	0
02	12	0
02	13	0
03	00	6
03	01	0
03	02	6
03	03	18
03	04	0
03	05	2
03	06	3
03	07	12
03	08	6
03	09	7
03	10	8
03	11	28
03	12	3
03	13	7
04	00	10
04	01	9
04	02	9
04	03	9
04	04	0
04	05	5
04	06	3
04	07	12
04	08	8
04	09	9
04	10	7
04	11	8
04	12	10
04	13	12
05	00	9
05	01	8
05	02	18
05	03	2
05	04	3
05	05	0
05	06	4
05	07	4
05	08	4
05	09	4
05	10	4
05	11	12
05	12	7
05	13	4
06	00	10
06	01	18
06	02	7
06	03	17
06	04	12
06	05	0
06	06	0
06	07	3
06	08	4
06	09	3
06	10	15
06	11	15
06	12	21
06	13	7
07	00	13
07	01	11
07	02	22
07	03	10
07	04	5
07	05	2
07	06	0
07	07	0
07	08	5
07	09	12
07	10	8
07	11	18
07	12	9
07	13	9
08	00	6
08	01	5
08	02	8
08	03	12
08	04	4
08	05	2
08	06	2
08	07	3
08	08	0
08	09	3
08	10	2
08	11	3
08	12	6
08	13	15
09	00	70
09	01	12
09	02	1
09	03	1
09	04	2
09	05	2
09	06	1
09	07	2
09	08	2
09	09	0
09	10	62
09	11	73
09	12	8
09	13	7
10	00	74
10	01	21
10	02	74
10	03	899
10	04	10
10	05	1
10	06	1
10	07	2
10	08	3
10	09	3
10	10	0
10	11	26
10	12	8
10	13	10
11	00	80
11	01	9
11	02	12
11	03	7
11	04	3
11	05	2
11	06	1
11	07	1
11	08	0
11	09	1
11	10	2
11	11	0
11	12	4
11	13	5
12	00	17
12	01	24
12	02	2
12	03	0
12	04	1
12	05	2
12	06	2
12	07	1
12	08	1
12	09	1
12	10	1
12	11	2
12	12	0
12	13	6
13	00	2
13	01	2
13	02	0
13	03	0
13	04	0
13	05	0
13	06	0
13	07	0
13	08	0
13	09	0
13	10	0
13	11	0
13	12	0
13	13	0
