$O;D2
*From-time To-Time
21.0 22.0 
*factor
1
*
00	00	0
00	01	1
00	02	34
00	03	251
00	04	2
00	05	3
00	06	66
00	07	37
00	08	3
00	09	3
00	10	1
00	11	5
00	12	2
00	13	0
01	00	5
01	01	0
01	02	79
01	03	2
01	04	12
01	05	7
01	06	21
01	07	23
01	08	14
01	09	8
01	10	10
01	11	21
01	12	19
01	13	10
02	00	0
02	01	0
02	02	0
02	03	0
02	04	0
02	05	0
02	06	0
02	07	0
02	08	0
02	09	0
02	10	0
02	11	0
02	12	0
02	13	0
03	00	14
03	01	0
03	02	6
03	03	36
03	04	0
03	05	2
03	06	2
03	07	9
03	08	8
03	09	10
03	10	13
03	11	39
03	12	7
03	13	8
04	00	9
04	01	28
04	02	7
04	03	12
04	04	0
04	05	10
04	06	6
04	07	10
04	08	12
04	09	16
04	10	8
04	11	14
04	12	13
04	13	9
05	00	11
05	01	11
05	02	26
05	03	2
05	04	2
05	05	0
05	06	7
05	07	3
05	08	8
05	09	10
05	10	5
05	11	16
05	12	11
05	13	6
06	00	9
06	01	16
06	02	13
06	03	22
06	04	17
06	05	0
06	06	0
06	07	5
06	08	5
06	09	2
06	10	24
06	11	27
06	12	14
06	13	9
07	00	40
07	01	16
07	02	20
07	03	18
07	04	11
07	05	5
07	06	0
07	07	0
07	08	4
07	09	8
07	10	13
07	11	24
07	12	12
07	13	18
08	00	10
08	01	9
08	02	9
08	03	11
08	04	6
08	05	1
08	06	3
08	07	3
08	08	0
08	09	5
08	10	4
08	11	3
08	12	10
08	13	15
09	00	85
09	01	15
09	02	2
09	03	2
09	04	2
09	05	2
09	06	2
09	07	6
09	08	3
09	09	0
09	10	40
09	11	122
09	12	11
09	13	12
10	00	162
10	01	16
10	02	111
10	03	2057
10	04	12
10	05	1
10	06	3
10	07	3
10	08	3
10	09	3
10	10	0
10	11	58
10	12	30
10	13	26
11	00	118
11	01	12
11	02	8
11	03	13
11	04	5
11	05	1
11	06	3
11	07	2
11	08	0
11	09	1
11	10	2
11	11	0
11	12	10
11	13	7
12	00	19
12	01	17
12	02	1
12	03	0
12	04	2
12	05	1
12	06	1
12	07	2
12	08	2
12	09	2
12	10	2
12	11	3
12	12	0
12	13	8
13	00	2
13	01	5
13	02	0
13	03	0
13	04	0
13	05	0
13	06	0
13	07	0
13	08	0
13	09	0
13	10	0
13	11	0
13	12	0
13	13	0
