$O;D2
*From-time To-Time
7.0 8.0 
*factor
1
*
00	00	0
00	01	2
00	02	145
00	03	500
00	04	4
00	05	7
00	06	145
00	07	103
00	08	5
00	09	6
00	10	3
00	11	9
00	12	3
00	13	1
01	00	15
01	01	0
01	02	164
01	03	5
01	04	39
01	05	27
01	06	45
01	07	58
01	08	33
01	09	27
01	10	17
01	11	34
01	12	32
01	13	25
02	00	0
02	01	0
02	02	0
02	03	0
02	04	0
02	05	0
02	06	0
02	07	0
02	08	0
02	09	0
02	10	0
02	11	0
02	12	0
02	13	0
03	00	31
03	01	0
03	02	21
03	03	62
03	04	0
03	05	5
03	06	8
03	07	30
03	08	18
03	09	22
03	10	27
03	11	120
03	12	12
03	13	23
04	00	30
04	01	60
04	02	30
04	03	32
04	04	0
04	05	20
04	06	12
04	07	30
04	08	23
04	09	43
04	10	21
04	11	22
04	12	32
04	13	34
05	00	40
05	01	21
05	02	43
05	03	6
05	04	8
05	05	0
05	06	14
05	07	12
05	08	14
05	09	24
05	10	22
05	11	31
05	12	30
05	13	10
06	00	30
06	01	43
06	02	34
06	03	65
06	04	32
06	05	0
06	06	0
06	07	12
06	08	10
06	09	6
06	10	43
06	11	45
06	12	50
06	13	30
07	00	70
07	01	45
07	02	67
07	03	32
07	04	21
07	05	10
07	06	1
07	07	0
07	08	10
07	09	30
07	10	40
07	11	50
07	12	45
07	13	32
08	00	20
08	01	31
08	02	23
08	03	32
08	04	12
08	05	3
08	06	5
08	07	6
08	08	0
08	09	9
08	10	7
08	11	8
08	12	23
08	13	43
09	00	200
09	01	32
09	02	2
09	03	4
09	04	5
09	05	7
09	06	5
09	07	9
09	08	4
09	09	0
09	10	150
09	11	215
09	12	23
09	13	32
10	00	300
10	01	52
10	02	200
10	03	3500
10	04	32
10	05	3
10	06	4
10	07	5
10	08	6
10	09	7
10	10	0
10	11	160
10	12	50
10	13	51
11	00	200
11	01	21
11	02	32
11	03	21
11	04	11
11	05	3
11	06	4
11	07	2
11	08	1
11	09	3
11	10	5
11	11	0
11	12	23
11	13	33
12	00	45
12	01	73
12	02	2
12	03	1
12	04	3
12	05	2
12	06	2
12	07	3
12	08	2
12	09	3
12	10	5
12	11	4
12	12	0
12	13	38
13	00	5
13	01	7
13	02	0
13	03	0
13	04	0
13	05	0
13	06	0
13	07	0
13	08	0
13	09	0
13	10	0
13	11	0
13	12	0
13	13	0
