$O;D2
*From-time To-Time
8.0 9.0 
*factor
1
*
00	00	0
00	01	3
00	02	67
00	03	378
00	04	5
00	05	9
00	06	74
00	07	138
00	08	6
00	09	4
00	10	4
00	11	10
00	12	5
00	13	2
01	00	11
01	01	0
01	02	190
01	03	6
01	04	30
01	05	24
01	06	21
01	07	54
01	08	20
01	09	33
01	10	14
01	11	39
01	12	21
01	13	16
02	00	0
02	01	0
02	02	0
02	03	0
02	04	0
02	05	0
02	06	0
02	07	0
02	08	0
02	09	0
02	10	0
02	11	0
02	12	0
02	13	0
03	00	17
03	01	0
03	02	15
03	03	75
03	04	0
03	05	6
03	06	7
03	07	39
03	08	23
03	09	11
03	10	22
03	11	134
03	12	16
03	13	18
04	00	38
04	01	35
04	02	41
04	03	41
04	04	0
04	05	13
04	06	15
04	07	36
04	08	16
04	09	30
04	10	27
04	11	13
04	12	37
04	13	33
05	00	42
05	01	29
05	02	24
05	03	7
05	04	8
05	05	0
05	06	7
05	07	8
05	08	18
05	09	13
05	10	22
05	11	41
05	12	40
05	13	6
06	00	18
06	01	29
06	02	33
06	03	50
06	04	28
06	05	0
06	06	0
06	07	12
06	08	12
06	09	6
06	10	35
06	11	27
06	12	50
06	13	40
07	00	77
07	01	52
07	02	79
07	03	27
07	04	28
07	05	12
07	06	1
07	07	0
07	08	8
07	09	38
07	10	44
07	11	58
07	12	36
07	13	27
08	00	22
08	01	40
08	02	31
08	03	19
08	04	7
08	05	2
08	06	6
08	07	6
08	08	0
08	09	6
08	10	4
08	11	11
08	12	21
08	13	24
09	00	224
09	01	22
09	02	2
09	03	6
09	04	6
09	05	5
09	06	3
09	07	8
09	08	5
09	09	0
09	10	183
09	11	221
09	12	31
09	13	29
10	00	369
10	01	25
10	02	141
10	03	4195
10	04	16
10	05	2
10	06	3
10	07	4
10	08	5
10	09	6
10	10	0
10	11	109
10	12	61
10	13	41
11	00	233
11	01	25
11	02	18
11	03	23
11	04	9
11	05	2
11	06	6
11	07	3
11	08	2
11	09	4
11	10	5
11	11	0
11	12	31
11	13	33
12	00	33
12	01	54
12	02	2
12	03	2
12	04	4
12	05	2
12	06	3
12	07	5
12	08	2
12	09	3
12	10	3
12	11	5
12	12	0
12	13	31
13	00	5
13	01	6
13	02	0
13	03	0
13	04	0
13	05	0
13	06	0
13	07	0
13	08	0
13	09	0
13	10	0
13	11	0
13	12	0
13	13	0
