$O;D2
*From-time To-Time
13.0 14.0 
*factor
1
*
00	00	0
00	01	1
00	02	53
00	03	309
00	04	5
00	05	4
00	06	124
00	07	58
00	08	5
00	09	5
00	10	3
00	11	6
00	12	2
00	13	1
01	00	6
01	01	0
01	02	109
01	03	6
01	04	21
01	05	14
01	06	26
01	07	48
01	08	26
01	09	19
01	10	12
01	11	28
01	12	21
01	13	19
02	00	0
02	01	0
02	02	0
02	03	0
02	04	0
02	05	0
02	06	0
02	07	0
02	08	0
02	09	0
02	10	0
02	11	0
02	12	0
02	13	0
03	00	26
03	01	0
03	02	21
03	03	49
03	04	0
03	05	6
03	06	8
03	07	21
03	08	15
03	09	21
03	10	18
03	11	120
03	12	13
03	13	17
04	00	15
04	01	45
04	02	30
04	03	23
04	04	0
04	05	15
04	06	7
04	07	23
04	08	23
04	09	29
04	10	17
04	11	17
04	12	12
04	13	19
05	00	18
05	01	13
05	02	39
05	03	4
05	04	5
05	05	0
05	06	9
05	07	8
05	08	7
05	09	21
05	10	11
05	11	25
05	12	14
05	13	6
06	00	31
06	01	32
06	02	18
06	03	41
06	04	29
06	05	0
06	06	0
06	07	12
06	08	8
06	09	3
06	10	35
06	11	18
06	12	40
06	13	29
07	00	56
07	01	32
07	02	52
07	03	17
07	04	20
07	05	10
07	06	2
07	07	0
07	08	4
07	09	15
07	10	29
07	11	53
07	12	41
07	13	25
08	00	13
08	01	28
08	02	14
08	03	27
08	04	7
08	05	3
08	06	6
08	07	5
08	08	0
08	09	4
08	10	7
08	11	9
08	12	23
08	13	19
09	00	148
09	01	17
09	02	2
09	03	4
09	04	4
09	05	4
09	06	5
09	07	7
09	08	3
09	09	0
09	10	100
09	11	212
09	12	17
09	13	25
10	00	121
10	01	48
10	02	96
10	03	3350
10	04	34
10	05	3
10	06	5
10	07	4
10	08	6
10	09	8
10	10	0
10	11	125
10	12	48
10	13	37
11	00	166
11	01	12
11	02	25
11	03	16
11	04	12
11	05	3
11	06	5
11	07	1
11	08	2
11	09	3
11	10	4
11	11	0
11	12	13
11	13	19
12	00	31
12	01	46
12	02	2
12	03	2
12	04	3
12	05	2
12	06	1
12	07	3
12	08	1
12	09	3
12	10	5
12	11	3
12	12	0
12	13	23
13	00	5
13	01	7
13	02	0
13	03	0
13	04	0
13	05	0
13	06	0
13	07	0
13	08	0
13	09	0
13	10	0
13	11	0
13	12	0
13	13	0
