$O;D2
*From-time To-Time
0.0 1.0 
*factor
1
*
00	00	0
00	01	0
00	02	10
00	03	53
00	04	0
00	05	1
00	06	15
00	07	13
00	08	1
00	09	1
00	10	0
00	11	2
00	12	0
00	13	0
01	00	2
01	01	0
01	02	15
01	03	1
01	04	6
01	05	4
01	06	3
01	07	5
01	08	4
01	09	5
01	10	2
01	11	6
01	12	3
01	13	2
02	00	0
02	01	0
02	02	0
02	03	0
02	04	0
02	05	0
02	06	0
02	07	0
02	08	0
02	09	0
02	10	0
02	11	0
02	12	0
02	13	0
03	00	4
03	01	0
03	02	2
03	03	5
03	04	0
03	05	1
03	06	1
03	07	4
03	08	3
03	09	3
03	10	3
03	11	16
03	12	2
03	13	2
04	00	2
04	01	9
04	02	4
04	03	3
04	04	0
04	05	3
04	06	2
04	07	3
04	08	3
04	09	4
04	10	2
04	11	3
04	12	5
04	13	3
05	00	5
05	01	2
05	02	6
05	03	2
05	04	2
05	05	0
05	06	2
05	07	1
05	08	2
05	09	3
05	10	3
05	11	5
05	12	4
05	13	2
06	00	5
06	01	5
06	02	6
06	03	6
06	04	4
06	05	0
06	06	0
06	07	2
06	08	1
06	09	1
06	10	7
06	11	7
06	12	7
06	13	4
07	00	11
07	01	5
07	02	10
07	03	3
07	04	3
07	05	1
07	06	0
07	07	0
07	08	1
07	09	3
07	10	3
07	11	7
07	12	8
07	13	2
08	00	2
08	01	4
08	02	2
08	03	3
08	04	2
08	05	0
08	06	2
08	07	1
08	08	0
08	09	1
08	10	1
08	11	1
08	12	3
08	13	7
09	00	29
09	01	5
09	02	0
09	03	0
09	04	2
09	05	1
09	06	2
09	07	1
09	08	0
09	09	0
09	10	11
09	11	27
09	12	3
09	13	5
10	00	45
10	01	6
10	02	25
10	03	366
10	04	5
10	05	0
10	06	0
10	07	2
10	08	2
10	09	2
10	10	0
10	11	20
10	12	7
10	13	4
11	00	27
11	01	2
11	02	4
11	03	2
11	04	1
11	05	0
11	06	0
11	07	0
11	08	0
11	09	0
11	10	2
11	11	0
11	12	2
11	13	6
12	00	7
12	01	12
12	02	0
12	03	0
12	04	0
12	05	0
12	06	0
12	07	0
12	08	0
12	09	0
12	10	2
12	11	0
12	12	0
12	13	6
13	00	2
13	01	1
13	02	0
13	03	0
13	04	0
13	05	0
13	06	0
13	07	0
13	08	0
13	09	0
13	10	0
13	11	0
13	12	0
13	13	0
