$O;D2
*From-time To-Time
14.0 15.0 
*factor
1
*
00	00	0
00	01	2
00	02	162
00	03	340
00	04	5
00	05	5
00	06	99
00	07	60
00	08	4
00	09	6
00	10	3
00	11	6
00	12	2
00	13	1
01	00	15
01	01	0
01	02	158
01	03	5
01	04	45
01	05	16
01	06	36
01	07	31
01	08	24
01	09	27
01	10	13
01	11	36
01	12	19
01	13	13
02	00	0
02	01	0
02	02	0
02	03	0
02	04	0
02	05	0
02	06	0
02	07	0
02	08	0
02	09	0
02	10	0
02	11	0
02	12	0
02	13	0
03	00	19
03	01	0
03	02	13
03	03	58
03	04	0
03	05	6
03	06	8
03	07	24
03	08	13
03	09	13
03	10	16
03	11	117
03	12	10
03	13	15
04	00	17
04	01	55
04	02	33
04	03	36
04	04	0
04	05	9
04	06	8
04	07	19
04	08	10
04	09	44
04	10	11
04	11	23
04	12	31
04	13	22
05	00	33
05	01	19
05	02	47
05	03	4
05	04	8
05	05	0
05	06	9
05	07	8
05	08	16
05	09	13
05	10	24
05	11	33
05	12	17
05	13	12
06	00	19
06	01	28
06	02	33
06	03	34
06	04	17
06	05	0
06	06	0
06	07	10
06	08	5
06	09	4
06	10	49
06	11	50
06	12	46
06	13	30
07	00	73
07	01	25
07	02	76
07	03	26
07	04	14
07	05	9
07	06	1
07	07	0
07	08	8
07	09	32
07	10	41
07	11	41
07	12	28
07	13	36
08	00	10
08	01	14
08	02	13
08	03	20
08	04	6
08	05	3
08	06	5
08	07	6
08	08	0
08	09	7
08	10	7
08	11	4
08	12	10
08	13	23
09	00	137
09	01	35
09	02	3
09	03	3
09	04	4
09	05	4
09	06	5
09	07	5
09	08	4
09	09	0
09	10	75
09	11	93
09	12	19
09	13	27
10	00	301
10	01	26
10	02	127
10	03	3269
10	04	25
10	05	3
10	06	4
10	07	3
10	08	8
10	09	3
10	10	0
10	11	123
10	12	26
10	13	28
11	00	202
11	01	12
11	02	17
11	03	13
11	04	5
11	05	3
11	06	4
11	07	3
11	08	2
11	09	3
11	10	3
11	11	0
11	12	20
11	13	27
12	00	27
12	01	41
12	02	3
12	03	1
12	04	2
12	05	2
12	06	3
12	07	2
12	08	2
12	09	2
12	10	6
12	11	3
12	12	0
12	13	17
13	00	4
13	01	5
13	02	0
13	03	0
13	04	0
13	05	0
13	06	0
13	07	0
13	08	0
13	09	0
13	10	0
13	11	0
13	12	0
13	13	0
