$O;D2
*From-time To-Time
17.0 18.0 
*factor
1
*
00	00	0
00	01	2
00	02	185
00	03	484
00	04	7
00	05	9
00	06	139
00	07	171
00	08	4
00	09	8
00	10	3
00	11	8
00	12	3
00	13	1
01	00	13
01	01	0
01	02	237
01	03	8
01	04	24
01	05	18
01	06	44
01	07	60
01	08	49
01	09	30
01	10	13
01	11	28
01	12	19
01	13	19
02	00	0
02	01	0
02	02	0
02	03	0
02	04	0
02	05	0
02	06	0
02	07	0
02	08	0
02	09	0
02	10	0
02	11	0
02	12	0
02	13	0
03	00	54
03	01	0
03	02	35
03	03	74
03	04	0
03	05	5
03	06	10
03	07	22
03	08	21
03	09	37
03	10	17
03	11	173
03	12	13
03	13	22
04	00	41
04	01	38
04	02	38
04	03	20
04	04	0
04	05	35
04	06	15
04	07	32
04	08	21
04	09	60
04	10	16
04	11	21
04	12	27
04	13	39
05	00	30
05	01	19
05	02	43
05	03	10
05	04	9
05	05	0
05	06	10
05	07	18
05	08	23
05	09	16
05	10	35
05	11	46
05	12	40
05	13	17
06	00	21
06	01	61
06	02	29
06	03	111
06	04	45
06	05	0
06	06	0
06	07	8
06	08	13
06	09	11
06	10	55
06	11	50
06	12	55
06	13	47
07	00	53
07	01	54
07	02	61
07	03	49
07	04	20
07	05	8
07	06	2
07	07	0
07	08	12
07	09	35
07	10	63
07	11	30
07	12	49
07	13	33
08	00	18
08	01	23
08	02	27
08	03	48
08	04	21
08	05	3
08	06	9
08	07	5
08	08	0
08	09	13
08	10	12
08	11	9
08	12	30
08	13	75
09	00	344
09	01	45
09	02	2
09	03	4
09	04	5
09	05	7
09	06	4
09	07	14
09	08	8
09	09	0
09	10	171
09	11	145
09	12	23
09	13	31
10	00	193
10	01	70
10	02	184
10	03	3768
10	04	42
10	05	4
10	06	5
10	07	6
10	08	10
10	09	7
10	10	0
10	11	157
10	12	87
10	13	40
11	00	344
11	01	23
11	02	23
11	03	34
11	04	11
11	05	3
11	06	3
11	07	2
11	08	2
11	09	5
11	10	7
11	11	0
11	12	18
11	13	45
12	00	67
12	01	48
12	02	3
12	03	2
12	04	3
12	05	2
12	06	3
12	07	3
12	08	3
12	09	4
12	10	4
12	11	8
12	12	0
12	13	55
13	00	6
13	01	5
13	02	0
13	03	0
13	04	0
13	05	0
13	06	0
13	07	0
13	08	0
13	09	0
13	10	0
13	11	0
13	12	0
13	13	0
