$O;D2
*From-time To-Time
20.0 21.0 
*factor
1
*
00	00	0
00	01	1
00	02	103
00	03	328
00	04	2
00	05	5
00	06	67
00	07	80
00	08	4
00	09	4
00	10	2
00	11	8
00	12	2
00	13	2
01	00	9
01	01	0
01	02	54
01	03	5
01	04	14
01	05	20
01	06	13
01	07	31
01	08	14
01	09	19
01	10	12
01	11	11
01	12	13
01	13	9
02	00	0
02	01	0
02	02	0
02	03	0
02	04	0
02	05	0
02	06	0
02	07	0
02	08	0
02	09	0
02	10	0
02	11	0
02	12	0
02	13	0
03	00	24
03	01	0
03	02	9
03	03	42
03	04	0
03	05	3
03	06	5
03	07	23
03	08	5
03	09	16
03	10	20
03	11	70
03	12	7
03	13	16
04	00	11
04	01	37
04	02	19
04	03	22
04	04	0
04	05	6
04	06	5
04	07	18
04	08	11
04	09	23
04	10	8
04	11	7
04	12	11
04	13	20
05	00	22
05	01	14
05	02	23
05	03	5
05	04	4
05	05	0
05	06	6
05	07	5
05	08	11
05	09	14
05	10	9
05	11	21
05	12	12
05	13	4
06	00	22
06	01	22
06	02	14
06	03	29
06	04	25
06	05	0
06	06	0
06	07	4
06	08	6
06	09	5
06	10	26
06	11	25
06	12	29
06	13	23
07	00	50
07	01	17
07	02	26
07	03	10
07	04	9
07	05	6
07	06	1
07	07	0
07	08	7
07	09	14
07	10	21
07	11	26
07	12	33
07	13	21
08	00	17
08	01	17
08	02	16
08	03	10
08	04	8
08	05	3
08	06	3
08	07	5
08	08	0
08	09	4
08	10	4
08	11	3
08	12	8
08	13	24
09	00	119
09	01	17
09	02	2
09	03	2
09	04	3
09	05	6
09	06	3
09	07	4
09	08	3
09	09	0
09	10	95
09	11	60
09	12	8
09	13	12
10	00	91
10	01	29
10	02	93
10	03	2519
10	04	20
10	05	2
10	06	3
10	07	4
10	08	5
10	09	3
10	10	0
10	11	96
10	12	34
10	13	28
11	00	87
11	01	11
11	02	16
11	03	16
11	04	6
11	05	3
11	06	2
11	07	1
11	08	1
11	09	3
11	10	4
11	11	0
11	12	11
11	13	24
12	00	15
12	01	21
12	02	2
12	03	1
12	04	3
12	05	2
12	06	1
12	07	2
12	08	2
12	09	3
12	10	5
12	11	3
12	12	0
12	13	21
13	00	4
13	01	6
13	02	0
13	03	0
13	04	0
13	05	0
13	06	0
13	07	0
13	08	0
13	09	0
13	10	0
13	11	0
13	12	0
13	13	0
