$O;D2
*From-time To-Time
19.0 20.0 
*factor
1
*
00	00	0
00	01	2
00	02	60
00	03	388
00	04	4
00	05	7
00	06	95
00	07	42
00	08	4
00	09	3
00	10	2
00	11	8
00	12	3
00	13	1
01	00	9
01	01	0
01	02	141
01	03	4
01	04	39
01	05	27
01	06	39
01	07	26
01	08	27
01	09	23
01	10	11
01	11	35
01	12	18
01	13	12
02	00	0
02	01	0
02	02	0
02	03	0
02	04	0
02	05	0
02	06	0
02	07	0
02	08	0
02	09	0
02	10	0
02	11	0
02	12	0
02	13	0
03	00	26
03	01	0
03	02	13
03	03	23
03	04	0
03	05	4
03	06	6
03	07	28
03	08	18
03	09	18
03	10	21
03	11	119
03	12	10
03	13	21
04	00	22
04	01	27
04	02	25
04	03	23
04	04	0
04	05	12
04	06	9
04	07	16
04	08	21
04	09	21
04	10	20
04	11	16
04	12	13
04	13	32
05	00	32
05	01	19
05	02	37
05	03	4
05	04	7
05	05	0
05	06	13
05	07	10
05	08	11
05	09	17
05	10	11
05	11	28
05	12	19
05	13	5
06	00	21
06	01	29
06	02	12
06	03	34
06	04	32
06	05	0
06	06	0
06	07	9
06	08	11
06	09	5
06	10	40
06	11	35
06	12	32
06	13	29
07	00	47
07	01	42
07	02	58
07	03	22
07	04	9
07	05	8
07	06	2
07	07	0
07	08	6
07	09	11
07	10	35
07	11	43
07	12	44
07	13	12
08	00	15
08	01	15
08	02	20
08	03	33
08	04	12
08	05	3
08	06	4
08	07	5
08	08	0
08	09	8
08	10	7
08	11	7
08	12	21
08	13	25
09	00	91
09	01	29
09	02	1
09	03	3
09	04	5
09	05	4
09	06	5
09	07	8
09	08	3
09	09	0
09	10	81
09	11	124
09	12	23
09	13	19
10	00	284
10	01	25
10	02	72
10	03	3256
10	04	19
10	05	3
10	06	4
10	07	4
10	08	6
10	09	4
10	10	0
10	11	154
10	12	33
10	13	36
11	00	69
11	01	10
11	02	19
11	03	9
11	04	7
11	05	2
11	06	3
11	07	1
11	08	2
11	09	2
11	10	4
11	11	0
11	12	13
11	13	23
12	00	44
12	01	62
12	02	1
12	03	2
12	04	3
12	05	1
12	06	2
12	07	3
12	08	2
12	09	3
12	10	2
12	11	3
12	12	0
12	13	24
13	00	3
13	01	7
13	02	0
13	03	0
13	04	0
13	05	0
13	06	0
13	07	0
13	08	0
13	09	0
13	10	0
13	11	0
13	12	0
13	13	0
