$O;D2
*From-time To-Time
0.0 23.0 
*factor
1
*
00	00	0
00	01	27
00	02	1959
00	03	6757
00	04	54
00	05	95
00	06	1959
00	07	1392
00	08	68
00	09	81
00	10	41
00	11	122
00	12	41
00	13	14
01	00	203
01	01	0
01	02	2216
01	03	68
01	04	527
01	05	365
01	06	608
01	07	784
01	08	446
01	09	365
01	10	230
01	11	459
01	12	432
01	13	338
02	00	0
02	01	0
02	02	0
02	03	0
02	04	0
02	05	0
02	06	0
02	07	0
02	08	0
02	09	0
02	10	0
02	11	0
02	12	0
02	13	0
03	00	419
03	01	0
03	02	284
03	03	838
03	04	0
03	05	68
03	06	108
03	07	405
03	08	243
03	09	297
03	10	365
03	11	1622
03	12	162
03	13	311
04	00	405
04	01	811
04	02	405
04	03	432
04	04	0
04	05	270
04	06	162
04	07	405
04	08	311
04	09	581
04	10	284
04	11	297
04	12	432
04	13	459
05	00	541
05	01	284
05	02	581
05	03	81
05	04	108
05	05	0
05	06	189
05	07	162
05	08	189
05	09	324
05	10	297
05	11	419
05	12	405
05	13	135
06	00	405
06	01	581
06	02	459
06	03	878
06	04	432
06	05	0
06	06	0
06	07	162
06	08	135
06	09	81
06	10	581
06	11	608
06	12	676
06	13	405
07	00	946
07	01	608
07	02	905
07	03	432
07	04	284
07	05	135
07	06	14
07	07	0
07	08	135
07	09	405
07	10	541
07	11	676
07	12	608
07	13	432
08	00	270
08	01	419
08	02	311
08	03	432
08	04	162
08	05	41
08	06	68
08	07	81
08	08	0
08	09	122
08	10	95
08	11	108
08	12	311
08	13	581
09	00	2703
09	01	432
09	02	27
09	03	54
09	04	68
09	05	95
09	06	68
09	07	122
09	08	54
09	09	0
09	10	2027
09	11	2905
09	12	311
09	13	432
10	00	4054
10	01	703
10	02	2703
10	03	47297
10	04	432
10	05	41
10	06	54
10	07	68
10	08	81
10	09	95
10	10	0
10	11	2162
10	12	676
10	13	689
11	00	2703
11	01	284
11	02	432
11	03	284
11	04	149
11	05	41
11	06	54
11	07	27
11	08	14
11	09	41
11	10	68
11	11	0
11	12	311
11	13	446
12	00	608
12	01	986
12	02	27
12	03	14
12	04	41
12	05	27
12	06	27
12	07	41
12	08	27
12	09	41
12	10	68
12	11	54
12	12	0
12	13	514
13	00	68
13	01	95
13	02	0
13	03	0
13	04	0
13	05	0
13	06	0
13	07	0
13	08	0
13	09	0
13	10	0
13	11	0
13	12	0
13	13	0
