$O;D2
*From-time To-Time
15.0 16.0 
*factor
1
*
00	00	0
00	01	3
00	02	74
00	03	404
00	04	4
00	05	6
00	06	143
00	07	49
00	08	7
00	09	6
00	10	3
00	11	7
00	12	2
00	13	1
01	00	9
01	01	0
01	02	180
01	03	5
01	04	35
01	05	35
01	06	55
01	07	51
01	08	20
01	09	21
01	10	20
01	11	16
01	12	26
01	13	30
02	00	0
02	01	0
02	02	0
02	03	0
02	04	0
02	05	0
02	06	0
02	07	0
02	08	0
02	09	0
02	10	0
02	11	0
02	12	0
02	13	0
03	00	30
03	01	0
03	02	22
03	03	82
03	04	0
03	05	5
03	06	7
03	07	27
03	08	19
03	09	12
03	10	15
03	11	112
03	12	9
03	13	27
04	00	34
04	01	61
04	02	18
04	03	35
04	04	0
04	05	10
04	06	12
04	07	24
04	08	22
04	09	48
04	10	28
04	11	25
04	12	17
04	13	41
05	00	32
05	01	11
05	02	37
05	03	6
05	04	8
05	05	0
05	06	14
05	07	6
05	08	16
05	09	18
05	10	25
05	11	42
05	12	41
05	13	11
06	00	37
06	01	48
06	02	21
06	03	63
06	04	42
06	05	0
06	06	0
06	07	7
06	08	11
06	09	7
06	10	47
06	11	45
06	12	38
06	13	24
07	00	68
07	01	45
07	02	53
07	03	40
07	04	15
07	05	9
07	06	2
07	07	0
07	08	11
07	09	40
07	10	31
07	11	58
07	12	35
07	13	38
08	00	10
08	01	34
08	02	16
08	03	42
08	04	13
08	05	3
08	06	6
08	07	3
08	08	0
08	09	5
08	10	9
08	11	6
08	12	20
08	13	30
09	00	147
09	01	44
09	02	3
09	03	5
09	04	5
09	05	6
09	06	3
09	07	11
09	08	4
09	09	0
09	10	192
09	11	193
09	12	15
09	13	25
10	00	141
10	01	52
10	02	237
10	03	1730
10	04	34
10	05	4
10	06	5
10	07	8
10	08	5
10	09	9
10	10	0
10	11	162
10	12	61
10	13	41
11	00	233
11	01	28
11	02	37
11	03	18
11	04	12
11	05	3
11	06	5
11	07	3
11	08	1
11	09	3
11	10	3
11	11	0
11	12	26
11	13	32
12	00	45
12	01	91
12	02	2
12	03	2
12	04	3
12	05	2
12	06	2
12	07	4
12	08	3
12	09	4
12	10	6
12	11	6
12	12	0
12	13	42
13	00	7
13	01	4
13	02	0
13	03	0
13	04	0
13	05	0
13	06	0
13	07	0
13	08	0
13	09	0
13	10	0
13	11	0
13	12	0
13	13	0
