$O;D2
*From-time To-Time
0.0 1.0 
*factor
1
*
00	00	0
00	01	0
00	02	18
00	03	30
00	04	0
00	05	1
00	06	18
00	07	8
00	08	2
00	09	2
00	10	0
00	11	1
00	12	0
00	13	0
01	00	2
01	01	0
01	02	11
01	03	1
01	04	3
01	05	5
01	06	6
01	07	9
01	08	4
01	09	2
01	10	3
01	11	4
01	12	2
01	13	4
02	00	0
02	01	0
02	02	0
02	03	0
02	04	0
02	05	0
02	06	0
02	07	0
02	08	0
02	09	0
02	10	0
02	11	0
02	12	0
02	13	0
03	00	4
03	01	0
03	02	3
03	03	5
03	04	0
03	05	1
03	06	2
03	07	2
03	08	2
03	09	3
03	10	5
03	11	16
03	12	1
03	13	2
04	00	4
04	01	4
04	02	4
04	03	3
04	04	0
04	05	3
04	06	1
04	07	2
04	08	3
04	09	7
04	10	2
04	11	3
04	12	4
04	13	6
05	00	5
05	01	2
05	02	8
05	03	1
05	04	2
05	05	0
05	06	2
05	07	2
05	08	3
05	09	3
05	10	3
05	11	2
05	12	4
05	13	2
06	00	4
06	01	7
06	02	5
06	03	9
06	04	5
06	05	0
06	06	0
06	07	2
06	08	1
06	09	2
06	10	7
06	11	4
06	12	4
06	13	5
07	00	5
07	01	6
07	02	11
07	03	4
07	04	3
07	05	2
07	06	0
07	07	0
07	08	2
07	09	4
07	10	5
07	11	4
07	12	7
07	13	2
08	00	3
08	01	4
08	02	3
08	03	3
08	04	1
08	05	0
08	06	2
08	07	1
08	08	0
08	09	2
08	10	2
08	11	1
08	12	2
08	13	6
09	00	31
09	01	3
09	02	0
09	03	0
09	04	1
09	05	2
09	06	1
09	07	2
09	08	0
09	09	0
09	10	19
09	11	24
09	12	2
09	13	2
10	00	20
10	01	7
10	02	27
10	03	527
10	04	3
10	05	0
10	06	0
10	07	2
10	08	1
10	09	2
10	10	0
10	11	13
10	12	4
10	13	5
11	00	31
11	01	2
11	02	3
11	03	2
11	04	1
11	05	0
11	06	0
11	07	0
11	08	0
11	09	0
11	10	1
11	11	0
11	12	3
11	13	4
12	00	6
12	01	11
12	02	0
12	03	0
12	04	0
12	05	0
12	06	0
12	07	0
12	08	0
12	09	0
12	10	1
12	11	0
12	12	0
12	13	6
13	00	1
13	01	1
13	02	0
13	03	0
13	04	0
13	05	0
13	06	0
13	07	0
13	08	0
13	09	0
13	10	0
13	11	0
13	12	0
13	13	0
