$O;D2
*From-time To-Time
6.0 7.0 
*factor
1
*
00	00	0
00	01	2
00	02	101
00	03	374
00	04	2
00	05	3
00	06	123
00	07	70
00	08	5
00	09	4
00	10	2
00	11	5
00	12	2
00	13	1
01	00	12
01	01	0
01	02	127
01	03	3
01	04	32
01	05	20
01	06	26
01	07	50
01	08	24
01	09	19
01	10	7
01	11	28
01	12	12
01	13	17
02	00	0
02	01	0
02	02	0
02	03	0
02	04	0
02	05	0
02	06	0
02	07	0
02	08	0
02	09	0
02	10	0
02	11	0
02	12	0
02	13	0
03	00	19
03	01	0
03	02	17
03	03	47
03	04	0
03	05	5
03	06	7
03	07	24
03	08	17
03	09	13
03	10	12
03	11	49
03	12	4
03	13	13
04	00	18
04	01	44
04	02	12
04	03	12
04	04	0
04	05	15
04	06	6
04	07	27
04	08	17
04	09	19
04	10	12
04	11	10
04	12	17
04	13	22
05	00	25
05	01	19
05	02	15
05	03	3
05	04	7
05	05	0
05	06	14
05	07	6
05	08	5
05	09	16
05	10	20
05	11	18
05	12	11
05	13	9
06	00	25
06	01	29
06	02	31
06	03	21
06	04	27
06	05	0
06	06	0
06	07	5
06	08	5
06	09	5
06	10	29
06	11	40
06	12	40
06	13	13
07	00	34
07	01	14
07	02	59
07	03	26
07	04	17
07	05	8
07	06	2
07	07	0
07	08	9
07	09	24
07	10	13
07	11	41
07	12	31
07	13	12
08	00	13
08	01	25
08	02	15
08	03	14
08	04	9
08	05	2
08	06	4
08	07	6
08	08	0
08	09	4
08	10	4
08	11	6
08	12	16
08	13	30
09	00	87
09	01	12
09	02	1
09	03	3
09	04	5
09	05	4
09	06	2
09	07	7
09	08	3
09	09	0
09	10	119
09	11	77
09	12	21
09	13	10
10	00	202
10	01	23
10	02	164
10	03	1989
10	04	25
10	05	2
10	06	3
10	07	4
10	08	4
10	09	4
10	10	0
10	11	59
10	12	44
10	13	38
11	00	67
11	01	8
11	02	22
11	03	18
11	04	7
11	05	3
11	06	3
11	07	1
11	08	1
11	09	2
11	10	3
11	11	0
11	12	21
11	13	14
12	00	16
12	01	64
12	02	1
12	03	1
12	04	2
12	05	2
12	06	2
12	07	2
12	08	2
12	09	2
12	10	5
12	11	3
12	12	0
12	13	20
13	00	2
13	01	5
13	02	0
13	03	0
13	04	0
13	05	0
13	06	0
13	07	0
13	08	0
13	09	0
13	10	0
13	11	0
13	12	0
13	13	0
