$O;D2
*From-time To-Time
10.0 11.0 
*factor
1
*
00	00	0
00	01	1
00	02	112
00	03	297
00	04	4
00	05	6
00	06	144
00	07	49
00	08	3
00	09	5
00	10	3
00	11	6
00	12	3
00	13	2
01	00	6
01	01	0
01	02	93
01	03	2
01	04	19
01	05	23
01	06	24
01	07	34
01	08	24
01	09	21
01	10	6
01	11	20
01	12	14
01	13	15
02	00	0
02	01	0
02	02	0
02	03	0
02	04	0
02	05	0
02	06	0
02	07	0
02	08	0
02	09	0
02	10	0
02	11	0
02	12	0
02	13	0
03	00	24
03	01	0
03	02	12
03	03	52
03	04	0
03	05	2
03	06	4
03	07	22
03	08	12
03	09	20
03	10	17
03	11	49
03	12	11
03	13	13
04	00	20
04	01	31
04	02	24
04	03	21
04	04	0
04	05	16
04	06	8
04	07	23
04	08	19
04	09	22
04	10	11
04	11	17
04	12	33
04	13	29
05	00	36
05	01	12
05	02	24
05	03	5
05	04	7
05	05	0
05	06	7
05	07	8
05	08	11
05	09	14
05	10	10
05	11	23
05	12	18
05	13	10
06	00	18
06	01	22
06	02	19
06	03	60
06	04	26
06	05	0
06	06	0
06	07	7
06	08	9
06	09	4
06	10	25
06	11	30
06	12	51
06	13	20
07	00	60
07	01	24
07	02	28
07	03	24
07	04	21
07	05	6
07	06	2
07	07	0
07	08	10
07	09	30
07	10	20
07	11	32
07	12	43
07	13	18
08	00	17
08	01	28
08	02	12
08	03	28
08	04	9
08	05	3
08	06	3
08	07	5
08	08	0
08	09	9
08	10	3
08	11	6
08	12	9
08	13	27
09	00	101
09	01	15
09	02	1
09	03	4
09	04	4
09	05	5
09	06	5
09	07	6
09	08	4
09	09	0
09	10	62
09	11	145
09	12	13
09	13	13
10	00	120
10	01	52
10	02	140
10	03	1528
10	04	20
10	05	3
10	06	5
10	07	3
10	08	4
10	09	8
10	10	0
10	11	122
10	12	48
10	13	37
11	00	189
11	01	17
11	02	28
11	03	13
11	04	6
11	05	2
11	06	3
11	07	2
11	08	2
11	09	2
11	10	3
11	11	0
11	12	18
11	13	22
12	00	29
12	01	43
12	02	1
12	03	2
12	04	3
12	05	1
12	06	2
12	07	2
12	08	2
12	09	2
12	10	3
12	11	4
12	12	0
12	13	38
13	00	5
13	01	6
13	02	0
13	03	0
13	04	0
13	05	0
13	06	0
13	07	0
13	08	0
13	09	0
13	10	0
13	11	0
13	12	0
13	13	0
