$O;D2
*From-time To-Time
23.0 24.0 
*factor
1
*
00	00	0
00	01	0
00	02	31
00	03	108
00	04	1
00	05	2
00	06	31
00	07	22
00	08	1
00	09	1
00	10	1
00	11	2
00	12	1
00	13	0
01	00	3
01	01	0
01	02	35
01	03	1
01	04	8
01	05	6
01	06	10
01	07	13
01	08	7
01	09	6
01	10	4
01	11	7
01	12	7
01	13	5
02	00	0
02	01	0
02	02	0
02	03	0
02	04	0
02	05	0
02	06	0
02	07	0
02	08	0
02	09	0
02	10	0
02	11	0
02	12	0
02	13	0
03	00	7
03	01	0
03	02	5
03	03	13
03	04	0
03	05	1
03	06	2
03	07	6
03	08	4
03	09	5
03	10	6
03	11	26
03	12	3
03	13	5
04	00	6
04	01	13
04	02	6
04	03	7
04	04	0
04	05	4
04	06	3
04	07	6
04	08	5
04	09	9
04	10	5
04	11	5
04	12	7
04	13	7
05	00	9
05	01	5
05	02	9
05	03	1
05	04	2
05	05	0
05	06	3
05	07	3
05	08	3
05	09	5
05	10	5
05	11	7
05	12	6
05	13	2
06	00	6
06	01	9
06	02	7
06	03	14
06	04	7
06	05	0
06	06	0
06	07	3
06	08	2
06	09	1
06	10	9
06	11	10
06	12	11
06	13	6
07	00	15
07	01	10
07	02	14
07	03	7
07	04	5
07	05	2
07	06	0
07	07	0
07	08	2
07	09	6
07	10	9
07	11	11
07	12	10
07	13	7
08	00	4
08	01	7
08	02	5
08	03	7
08	04	3
08	05	1
08	06	1
08	07	1
08	08	0
08	09	2
08	10	2
08	11	2
08	12	5
08	13	9
09	00	43
09	01	7
09	02	0
09	03	1
09	04	1
09	05	2
09	06	1
09	07	2
09	08	1
09	09	0
09	10	32
09	11	46
09	12	5
09	13	7
10	00	65
10	01	11
10	02	43
10	03	757
10	04	7
10	05	1
10	06	1
10	07	1
10	08	1
10	09	2
10	10	0
10	11	35
10	12	11
10	13	11
11	00	43
11	01	5
11	02	7
11	03	5
11	04	2
11	05	1
11	06	1
11	07	0
11	08	0
11	09	1
11	10	1
11	11	0
11	12	5
11	13	7
12	00	10
12	01	16
12	02	0
12	03	0
12	04	1
12	05	0
12	06	0
12	07	1
12	08	0
12	09	1
12	10	1
12	11	1
12	12	0
12	13	8
13	00	1
13	01	2
13	02	0
13	03	0
13	04	0
13	05	0
13	06	0
13	07	0
13	08	0
13	09	0
13	10	0
13	11	0
13	12	0
13	13	0
