$O;D2
*From-time To-Time
20.0 21.0 
*factor
1
*
00	00	0
00	01	1
00	02	76
00	03	264
00	04	2
00	05	4
00	06	76
00	07	54
00	08	3
00	09	3
00	10	2
00	11	5
00	12	2
00	13	1
01	00	8
01	01	0
01	02	86
01	03	3
01	04	21
01	05	14
01	06	24
01	07	31
01	08	17
01	09	14
01	10	9
01	11	18
01	12	17
01	13	13
02	00	0
02	01	0
02	02	0
02	03	0
02	04	0
02	05	0
02	06	0
02	07	0
02	08	0
02	09	0
02	10	0
02	11	0
02	12	0
02	13	0
03	00	16
03	01	0
03	02	11
03	03	33
03	04	0
03	05	3
03	06	4
03	07	16
03	08	9
03	09	12
03	10	14
03	11	63
03	12	6
03	13	12
04	00	16
04	01	32
04	02	16
04	03	17
04	04	0
04	05	11
04	06	6
04	07	16
04	08	12
04	09	23
04	10	11
04	11	12
04	12	17
04	13	18
05	00	21
05	01	11
05	02	23
05	03	3
05	04	4
05	05	0
05	06	7
05	07	6
05	08	7
05	09	13
05	10	12
05	11	16
05	12	16
05	13	5
06	00	16
06	01	23
06	02	18
06	03	34
06	04	17
06	05	0
06	06	0
06	07	6
06	08	5
06	09	3
06	10	23
06	11	24
06	12	26
06	13	16
07	00	37
07	01	24
07	02	35
07	03	17
07	04	11
07	05	5
07	06	1
07	07	0
07	08	5
07	09	16
07	10	21
07	11	26
07	12	24
07	13	17
08	00	11
08	01	16
08	02	12
08	03	17
08	04	6
08	05	2
08	06	3
08	07	3
08	08	0
08	09	5
08	10	4
08	11	4
08	12	12
08	13	23
09	00	105
09	01	17
09	02	1
09	03	2
09	04	3
09	05	4
09	06	3
09	07	5
09	08	2
09	09	0
09	10	79
09	11	113
09	12	12
09	13	17
10	00	158
10	01	27
10	02	105
10	03	1845
10	04	17
10	05	2
10	06	2
10	07	3
10	08	3
10	09	4
10	10	0
10	11	84
10	12	26
10	13	27
11	00	105
11	01	11
11	02	17
11	03	11
11	04	6
11	05	2
11	06	2
11	07	1
11	08	1
11	09	2
11	10	3
11	11	0
11	12	12
11	13	17
12	00	24
12	01	38
12	02	1
12	03	1
12	04	2
12	05	1
12	06	1
12	07	2
12	08	1
12	09	2
12	10	3
12	11	2
12	12	0
12	13	20
13	00	3
13	01	4
13	02	0
13	03	0
13	04	0
13	05	0
13	06	0
13	07	0
13	08	0
13	09	0
13	10	0
13	11	0
13	12	0
13	13	0
