$O;D2
*From-time To-Time
11.0 12.0 
*factor
1
*
00	00	0
00	01	1
00	02	133
00	03	257
00	04	5
00	05	8
00	06	73
00	07	101
00	08	3
00	09	5
00	10	2
00	11	8
00	12	3
00	13	1
01	00	10
01	01	0
01	02	78
01	03	4
01	04	39
01	05	13
01	06	23
01	07	37
01	08	25
01	09	10
01	10	14
01	11	12
01	12	30
01	13	18
02	00	0
02	01	0
02	02	0
02	03	0
02	04	0
02	05	0
02	06	0
02	07	0
02	08	0
02	09	0
02	10	0
02	11	0
02	12	0
02	13	0
03	00	30
03	01	0
03	02	20
03	03	41
03	04	0
03	05	3
03	06	4
03	07	13
03	08	18
03	09	22
03	10	18
03	11	117
03	12	10
03	13	19
04	00	19
04	01	54
04	02	26
04	03	13
04	04	0
04	05	16
04	06	5
04	07	22
04	08	18
04	09	42
04	10	13
04	11	17
04	12	26
04	13	22
05	00	26
05	01	13
05	02	27
05	03	3
05	04	3
05	05	0
05	06	12
05	07	7
05	08	6
05	09	19
05	10	12
05	11	20
05	12	26
05	13	4
06	00	15
06	01	40
06	02	32
06	03	47
06	04	23
06	05	0
06	06	0
06	07	12
06	08	9
06	09	5
06	10	20
06	11	19
06	12	30
06	13	27
07	00	28
07	01	37
07	02	40
07	03	23
07	04	14
07	05	9
07	06	2
07	07	0
07	08	8
07	09	23
07	10	23
07	11	41
07	12	22
07	13	30
08	00	10
08	01	22
08	02	21
08	03	19
08	04	5
08	05	2
08	06	3
08	07	3
08	08	0
08	09	4
08	10	6
08	11	4
08	12	22
08	13	23
09	00	99
09	01	29
09	02	2
09	03	2
09	04	3
09	05	7
09	06	4
09	07	8
09	08	5
09	09	0
09	10	134
09	11	198
09	12	24
09	13	25
10	00	248
10	01	22
10	02	183
10	03	2349
10	04	13
10	05	3
10	06	5
10	07	4
10	08	6
10	09	4
10	10	0
10	11	113
10	12	45
10	13	50
11	00	113
11	01	14
11	02	26
11	03	11
11	04	8
11	05	2
11	06	5
11	07	2
11	08	2
11	09	2
11	10	5
11	11	0
11	12	14
11	13	33
12	00	38
12	01	34
12	02	2
12	03	2
12	04	2
12	05	2
12	06	2
12	07	3
12	08	1
12	09	2
12	10	5
12	11	2
12	12	0
12	13	37
13	00	3
13	01	6
13	02	0
13	03	0
13	04	0
13	05	0
13	06	0
13	07	0
13	08	0
13	09	0
13	10	0
13	11	0
13	12	0
13	13	0
