$O;D2
*From-time To-Time
10.0 11.0 
*factor
1
*
00	00	0
00	01	2
00	02	91
00	03	491
00	04	5
00	05	7
00	06	117
00	07	36
00	08	3
00	09	4
00	10	2
00	11	5
00	12	3
00	13	2
01	00	12
01	01	0
01	02	122
01	03	3
01	04	27
01	05	21
01	06	39
01	07	42
01	08	16
01	09	22
01	10	15
01	11	22
01	12	18
01	13	14
02	00	0
02	01	0
02	02	0
02	03	0
02	04	0
02	05	0
02	06	0
02	07	0
02	08	0
02	09	0
02	10	0
02	11	0
02	12	0
02	13	0
03	00	22
03	01	0
03	02	21
03	03	47
03	04	0
03	05	2
03	06	7
03	07	13
03	08	16
03	09	12
03	10	27
03	11	86
03	12	11
03	13	11
04	00	19
04	01	50
04	02	28
04	03	24
04	04	0
04	05	21
04	06	5
04	07	28
04	08	17
04	09	21
04	10	12
04	11	16
04	12	28
04	13	16
05	00	24
05	01	11
05	02	34
05	03	5
05	04	4
05	05	0
05	06	6
05	07	12
05	08	8
05	09	19
05	10	15
05	11	25
05	12	25
05	13	8
06	00	22
06	01	40
06	02	21
06	03	66
06	04	22
06	05	0
06	06	0
06	07	8
06	08	10
06	09	6
06	10	28
06	11	36
06	12	41
06	13	30
07	00	34
07	01	41
07	02	45
07	03	29
07	04	17
07	05	7
07	06	2
07	07	0
07	08	7
07	09	29
07	10	20
07	11	47
07	12	23
07	13	22
08	00	18
08	01	27
08	02	17
08	03	28
08	04	7
08	05	2
08	06	3
08	07	4
08	08	0
08	09	6
08	10	8
08	11	7
08	12	21
08	13	26
09	00	134
09	01	12
09	02	2
09	03	2
09	04	3
09	05	3
09	06	3
09	07	6
09	08	5
09	09	0
09	10	125
09	11	87
09	12	14
09	13	30
10	00	106
10	01	42
10	02	193
10	03	3427
10	04	26
10	05	2
10	06	4
10	07	5
10	08	5
10	09	6
10	10	0
10	11	89
10	12	50
10	13	37
11	00	187
11	01	16
11	02	25
11	03	16
11	04	7
11	05	2
11	06	5
11	07	2
11	08	2
11	09	2
11	10	4
11	11	0
11	12	9
11	13	20
12	00	17
12	01	58
12	02	2
12	03	2
12	04	3
12	05	2
12	06	2
12	07	3
12	08	1
12	09	3
12	10	3
12	11	3
12	12	0
12	13	26
13	00	3
13	01	6
13	02	0
13	03	0
13	04	0
13	05	0
13	06	0
13	07	0
13	08	0
13	09	0
13	10	0
13	11	0
13	12	0
13	13	0
