$O;D2
*From-time To-Time
11.0 12.0 
*factor
1
*
00	00	0
00	01	1
00	02	58
00	03	318
00	04	5
00	05	5
00	06	55
00	07	74
00	08	3
00	09	5
00	10	2
00	11	7
00	12	2
00	13	1
01	00	11
01	01	0
01	02	108
01	03	4
01	04	33
01	05	24
01	06	28
01	07	52
01	08	16
01	09	18
01	10	11
01	11	26
01	12	14
01	13	14
02	00	0
02	01	0
02	02	0
02	03	0
02	04	0
02	05	0
02	06	0
02	07	0
02	08	0
02	09	0
02	10	0
02	11	0
02	12	0
02	13	0
03	00	32
03	01	0
03	02	8
03	03	27
03	04	0
03	05	3
03	06	8
03	07	19
03	08	17
03	09	12
03	10	14
03	11	121
03	12	12
03	13	20
04	00	26
04	01	25
04	02	23
04	03	22
04	04	0
04	05	18
04	06	12
04	07	24
04	08	16
04	09	33
04	10	20
04	11	8
04	12	15
04	13	26
05	00	33
05	01	16
05	02	41
05	03	3
05	04	8
05	05	0
05	06	8
05	07	10
05	08	9
05	09	12
05	10	22
05	11	13
05	12	22
05	13	4
06	00	29
06	01	20
06	02	28
06	03	59
06	04	21
06	05	0
06	06	0
06	07	6
06	08	5
06	09	4
06	10	26
06	11	18
06	12	22
06	13	21
07	00	64
07	01	42
07	02	37
07	03	19
07	04	12
07	05	8
07	06	2
07	07	0
07	08	10
07	09	29
07	10	18
07	11	25
07	12	40
07	13	33
08	00	16
08	01	28
08	02	9
08	03	20
08	04	11
08	05	2
08	06	2
08	07	3
08	08	0
08	09	5
08	10	4
08	11	4
08	12	22
08	13	18
09	00	144
09	01	13
09	02	2
09	03	3
09	04	3
09	05	4
09	06	2
09	07	7
09	08	4
09	09	0
09	10	122
09	11	182
09	12	14
09	13	26
10	00	197
10	01	44
10	02	71
10	03	1533
10	04	33
10	05	2
10	06	3
10	07	3
10	08	5
10	09	5
10	10	0
10	11	109
10	12	51
10	13	18
11	00	90
11	01	19
11	02	20
11	03	12
11	04	6
11	05	2
11	06	5
11	07	2
11	08	1
11	09	3
11	10	4
11	11	0
11	12	20
11	13	14
12	00	45
12	01	30
12	02	1
12	03	1
12	04	3
12	05	2
12	06	1
12	07	2
12	08	1
12	09	3
12	10	3
12	11	4
12	12	0
12	13	20
13	00	3
13	01	3
13	02	0
13	03	0
13	04	0
13	05	0
13	06	0
13	07	0
13	08	0
13	09	0
13	10	0
13	11	0
13	12	0
13	13	0
