$O;D2
*From-time To-Time
0.0 1.0 
*factor
1
*
00	00	0
00	01	0
00	02	12
00	03	60
00	04	0
00	05	1
00	06	9
00	07	8
00	08	1
00	09	2
00	10	0
00	11	1
00	12	0
00	13	0
01	00	3
01	01	0
01	02	18
01	03	2
01	04	6
01	05	3
01	06	7
01	07	6
01	08	4
01	09	4
01	10	2
01	11	6
01	12	3
01	13	2
02	00	0
02	01	0
02	02	0
02	03	0
02	04	0
02	05	0
02	06	0
02	07	0
02	08	0
02	09	0
02	10	0
02	11	0
02	12	0
02	13	0
03	00	2
03	01	0
03	02	3
03	03	8
03	04	0
03	05	2
03	06	2
03	07	4
03	08	2
03	09	2
03	10	2
03	11	19
03	12	1
03	13	2
04	00	5
04	01	5
04	02	4
04	03	4
04	04	0
04	05	3
04	06	1
04	07	3
04	08	3
04	09	4
04	10	2
04	11	3
04	12	2
04	13	3
05	00	3
05	01	2
05	02	4
05	03	2
05	04	1
05	05	0
05	06	3
05	07	2
05	08	2
05	09	3
05	10	2
05	11	2
05	12	4
05	13	2
06	00	2
06	01	5
06	02	6
06	03	9
06	04	2
06	05	0
06	06	0
06	07	2
06	08	2
06	09	2
06	10	7
06	11	7
06	12	7
06	13	4
07	00	11
07	01	6
07	02	9
07	03	3
07	04	3
07	05	1
07	06	0
07	07	0
07	08	1
07	09	4
07	10	4
07	11	3
07	12	4
07	13	4
08	00	2
08	01	4
08	02	3
08	03	4
08	04	2
08	05	0
08	06	1
08	07	1
08	08	0
08	09	2
08	10	2
08	11	2
08	12	2
08	13	8
09	00	24
09	01	4
09	02	0
09	03	0
09	04	1
09	05	2
09	06	1
09	07	2
09	08	0
09	09	0
09	10	12
09	11	30
09	12	2
09	13	3
10	00	43
10	01	6
10	02	14
10	03	269
10	04	3
10	05	0
10	06	0
10	07	2
10	08	2
10	09	1
10	10	0
10	11	12
10	12	4
10	13	7
11	00	30
11	01	2
11	02	4
11	03	2
11	04	2
11	05	0
11	06	0
11	07	0
11	08	0
11	09	0
11	10	2
11	11	0
11	12	2
11	13	4
12	00	3
12	01	9
12	02	0
12	03	0
12	04	0
12	05	0
12	06	0
12	07	0
12	08	0
12	09	0
12	10	1
12	11	0
12	12	0
12	13	3
13	00	2
13	01	1
13	02	0
13	03	0
13	04	0
13	05	0
13	06	0
13	07	0
13	08	0
13	09	0
13	10	0
13	11	0
13	12	0
13	13	0
