$O;D2
*From-time To-Time
17.0 18.0 
*factor
1
*
00	00	0
00	01	2
00	02	243
00	03	637
00	04	5
00	05	10
00	06	215
00	07	102
00	08	4
00	09	7
00	10	5
00	11	14
00	12	4
00	13	2
01	00	24
01	01	0
01	02	278
01	03	4
01	04	45
01	05	21
01	06	30
01	07	91
01	08	28
01	09	34
01	10	19
01	11	59
01	12	20
01	13	19
02	00	0
02	01	0
02	02	0
02	03	0
02	04	0
02	05	0
02	06	0
02	07	0
02	08	0
02	09	0
02	10	0
02	11	0
02	12	0
02	13	0
03	00	49
03	01	0
03	02	22
03	03	95
03	04	0
03	05	8
03	06	7
03	07	31
03	08	17
03	09	37
03	10	18
03	11	113
03	12	18
03	13	27
04	00	25
04	01	80
04	02	26
04	03	26
04	04	0
04	05	19
04	06	19
04	07	36
04	08	26
04	09	61
04	10	31
04	11	14
04	12	52
04	13	26
05	00	41
05	01	22
05	02	42
05	03	6
05	04	14
05	05	0
05	06	10
05	07	10
05	08	15
05	09	17
05	10	30
05	11	19
05	12	43
05	13	9
06	00	24
06	01	44
06	02	58
06	03	85
06	04	38
06	05	0
06	06	0
06	07	11
06	08	16
06	09	11
06	10	69
06	11	66
06	12	65
06	13	20
07	00	104
07	01	31
07	02	50
07	03	31
07	04	18
07	05	9
07	06	1
07	07	0
07	08	15
07	09	21
07	10	39
07	11	32
07	12	76
07	13	37
08	00	20
08	01	33
08	02	27
08	03	50
08	04	19
08	05	4
08	06	9
08	07	10
08	08	0
08	09	15
08	10	5
08	11	13
08	12	23
08	13	54
09	00	187
09	01	25
09	02	2
09	03	4
09	04	8
09	05	9
09	06	6
09	07	12
09	08	7
09	09	0
09	10	91
09	11	324
09	12	36
09	13	43
10	00	390
10	01	34
10	02	277
10	03	2492
10	04	43
10	05	5
10	06	4
10	07	6
10	08	5
10	09	11
10	10	0
10	11	184
10	12	49
10	13	41
11	00	154
11	01	23
11	02	36
11	03	20
11	04	11
11	05	3
11	06	5
11	07	3
11	08	2
11	09	2
11	10	5
11	11	0
11	12	37
11	13	28
12	00	43
12	01	56
12	02	3
12	03	2
12	04	3
12	05	2
12	06	2
12	07	3
12	08	3
12	09	3
12	10	7
12	11	4
12	12	0
12	13	55
13	00	4
13	01	10
13	02	0
13	03	0
13	04	0
13	05	0
13	06	0
13	07	0
13	08	0
13	09	0
13	10	0
13	11	0
13	12	0
13	13	0
