$O;D2
*From-time To-Time
16.0 17.0 
*factor
1
*
00	00	0
00	01	3
00	02	133
00	03	751
00	04	4
00	05	8
00	06	183
00	07	118
00	08	7
00	09	6
00	10	5
00	11	15
00	12	3
00	13	2
01	00	9
01	01	0
01	02	178
01	03	7
01	04	32
01	05	24
01	06	55
01	07	83
01	08	35
01	09	47
01	10	23
01	11	41
01	12	47
01	13	33
02	00	0
02	01	0
02	02	0
02	03	0
02	04	0
02	05	0
02	06	0
02	07	0
02	08	0
02	09	0
02	10	0
02	11	0
02	12	0
02	13	0
03	00	44
03	01	0
03	02	17
03	03	96
03	04	0
03	05	5
03	06	5
03	07	41
03	08	21
03	09	21
03	10	21
03	11	78
03	12	18
03	13	36
04	00	29
04	01	77
04	02	27
04	03	53
04	04	0
04	05	13
04	06	12
04	07	21
04	08	31
04	09	73
04	10	29
04	11	19
04	12	33
04	13	49
05	00	40
05	01	34
05	02	59
05	03	9
05	04	10
05	05	0
05	06	11
05	07	8
05	08	12
05	09	17
05	10	14
05	11	29
05	12	31
05	13	6
06	00	38
06	01	31
06	02	44
06	03	65
06	04	54
06	05	0
06	06	0
06	07	15
06	08	6
06	09	5
06	10	55
06	11	37
06	12	75
06	13	19
07	00	51
07	01	49
07	02	48
07	03	46
07	04	17
07	05	12
07	06	1
07	07	0
07	08	8
07	09	43
07	10	56
07	11	74
07	12	74
07	13	50
08	00	30
08	01	30
08	02	38
08	03	42
08	04	16
08	05	3
08	06	8
08	07	11
08	08	0
08	09	10
08	10	8
08	11	9
08	12	15
08	13	53
09	00	225
09	01	53
09	02	2
09	03	5
09	04	6
09	05	5
09	06	4
09	07	15
09	08	6
09	09	0
09	10	114
09	11	350
09	12	16
09	13	38
10	00	187
10	01	74
10	02	136
10	03	5322
10	04	41
10	05	5
10	06	5
10	07	5
10	08	9
10	09	12
10	10	0
10	11	190
10	12	61
10	13	85
11	00	222
11	01	34
11	02	45
11	03	25
11	04	10
11	05	3
11	06	5
11	07	3
11	08	2
11	09	3
11	10	4
11	11	0
11	12	34
11	13	53
12	00	44
12	01	123
12	02	3
12	03	2
12	04	3
12	05	3
12	06	3
12	07	2
12	08	2
12	09	4
12	10	8
12	11	7
12	12	0
12	13	26
13	00	7
13	01	9
13	02	0
13	03	0
13	04	0
13	05	0
13	06	0
13	07	0
13	08	0
13	09	0
13	10	0
13	11	0
13	12	0
13	13	0
