$O;D2
*From-time To-Time
12.0 13.0 
*factor
1
*
00	00	0
00	01	1
00	02	120
00	03	316
00	04	4
00	05	4
00	06	90
00	07	106
00	08	5
00	09	6
00	10	2
00	11	4
00	12	2
00	13	2
01	00	8
01	01	0
01	02	66
01	03	4
01	04	23
01	05	21
01	06	32
01	07	55
01	08	19
01	09	21
01	10	14
01	11	17
01	12	21
01	13	18
02	00	0
02	01	0
02	02	0
02	03	0
02	04	0
02	05	0
02	06	0
02	07	0
02	08	0
02	09	0
02	10	0
02	11	0
02	12	0
02	13	0
03	00	32
03	01	0
03	02	10
03	03	30
03	04	0
03	05	4
03	06	8
03	07	16
03	08	16
03	09	9
03	10	26
03	11	52
03	12	11
03	13	12
04	00	24
04	01	52
04	02	32
04	03	17
04	04	0
04	05	15
04	06	6
04	07	17
04	08	20
04	09	17
04	10	20
04	11	16
04	12	19
04	13	35
05	00	34
05	01	22
05	02	29
05	03	6
05	04	4
05	05	0
05	06	6
05	07	8
05	08	9
05	09	14
05	10	18
05	11	15
05	12	30
05	13	10
06	00	24
06	01	20
06	02	21
06	03	34
06	04	32
06	05	0
06	06	0
06	07	10
06	08	8
06	09	5
06	10	31
06	11	41
06	12	47
06	13	14
07	00	71
07	01	42
07	02	42
07	03	23
07	04	20
07	05	9
07	06	1
07	07	0
07	08	9
07	09	29
07	10	36
07	11	24
07	12	31
07	13	24
08	00	12
08	01	19
08	02	20
08	03	25
08	04	11
08	05	3
08	06	3
08	07	6
08	08	0
08	09	8
08	10	7
08	11	9
08	12	13
08	13	36
09	00	83
09	01	17
09	02	1
09	03	4
09	04	5
09	05	5
09	06	4
09	07	6
09	08	3
09	09	0
09	10	94
09	11	191
09	12	15
09	13	27
10	00	132
10	01	27
10	02	191
10	03	3253
10	04	20
10	05	3
10	06	2
10	07	6
10	08	3
10	09	8
10	10	0
10	11	66
10	12	32
10	13	19
11	00	177
11	01	19
11	02	21
11	03	22
11	04	11
11	05	2
11	06	2
11	07	2
11	08	1
11	09	3
11	10	6
11	11	0
11	12	12
11	13	14
12	00	35
12	01	63
12	02	2
12	03	2
12	04	2
12	05	2
12	06	2
12	07	2
12	08	2
12	09	2
12	10	5
12	11	4
12	12	0
12	13	20
13	00	6
13	01	4
13	02	0
13	03	0
13	04	0
13	05	0
13	06	0
13	07	0
13	08	0
13	09	0
13	10	0
13	11	0
13	12	0
13	13	0
