$O;D2
*From-time To-Time
18.0 19.0 
*factor
1
*
00	00	0
00	01	2
00	02	201
00	03	324
00	04	5
00	05	7
00	06	197
00	07	143
00	08	7
00	09	5
00	10	5
00	11	7
00	12	3
00	13	2
01	00	22
01	01	0
01	02	87
01	03	6
01	04	24
01	05	23
01	06	43
01	07	48
01	08	25
01	09	31
01	10	26
01	11	19
01	12	17
01	13	33
02	00	0
02	01	0
02	02	0
02	03	0
02	04	0
02	05	0
02	06	0
02	07	0
02	08	0
02	09	0
02	10	0
02	11	0
02	12	0
02	13	0
03	00	39
03	01	0
03	02	24
03	03	72
03	04	0
03	05	5
03	06	12
03	07	25
03	08	14
03	09	18
03	10	38
03	11	122
03	12	13
03	13	15
04	00	45
04	01	32
04	02	19
04	03	22
04	04	0
04	05	20
04	06	17
04	07	21
04	08	31
04	09	43
04	10	23
04	11	22
04	12	19
04	13	36
05	00	39
05	01	15
05	02	45
05	03	5
05	04	5
05	05	0
05	06	20
05	07	18
05	08	13
05	09	34
05	10	19
05	11	37
05	12	28
05	13	6
06	00	33
06	01	60
06	02	45
06	03	58
06	04	48
06	05	0
06	06	0
06	07	17
06	08	7
06	09	6
06	10	64
06	11	34
06	12	53
06	13	34
07	00	75
07	01	62
07	02	51
07	03	42
07	04	16
07	05	15
07	06	2
07	07	0
07	08	7
07	09	30
07	10	58
07	11	43
07	12	62
07	13	48
08	00	24
08	01	41
08	02	21
08	03	46
08	04	7
08	05	4
08	06	5
08	07	8
08	08	0
08	09	6
08	10	5
08	11	12
08	12	15
08	13	54
09	00	217
09	01	33
09	02	2
09	03	5
09	04	6
09	05	4
09	06	8
09	07	10
09	08	6
09	09	0
09	10	213
09	11	215
09	12	22
09	13	40
10	00	414
10	01	44
10	02	190
10	03	2912
10	04	21
10	05	4
10	06	5
10	07	4
10	08	4
10	09	6
10	10	0
10	11	187
10	12	29
10	13	48
11	00	140
11	01	31
11	02	34
11	03	19
11	04	10
11	05	3
11	06	5
11	07	3
11	08	1
11	09	2
11	10	7
11	11	0
11	12	19
11	13	37
12	00	47
12	01	74
12	02	2
12	03	2
12	04	4
12	05	2
12	06	2
12	07	3
12	08	3
12	09	3
12	10	8
12	11	3
12	12	0
12	13	24
13	00	5
13	01	4
13	02	0
13	03	0
13	04	0
13	05	0
13	06	0
13	07	0
13	08	0
13	09	0
13	10	0
13	11	0
13	12	0
13	13	0
