$O;D2
*From-time To-Time
5.0 6.0 
*factor
1
*
00	00	0
00	01	0
00	02	23
00	03	58
00	04	2
00	05	2
00	06	36
00	07	23
00	08	1
00	09	1
00	10	0
00	11	1
00	12	0
00	13	0
01	00	3
01	01	0
01	02	37
01	03	1
01	04	5
01	05	3
01	06	10
01	07	12
01	08	7
01	09	6
01	10	2
01	11	7
01	12	3
01	13	6
02	00	0
02	01	0
02	02	0
02	03	0
02	04	0
02	05	0
02	06	0
02	07	0
02	08	0
02	09	0
02	10	0
02	11	0
02	12	0
02	13	0
03	00	4
03	01	0
03	02	4
03	03	10
03	04	0
03	05	1
03	06	1
03	07	6
03	08	4
03	09	3
03	10	6
03	11	27
03	12	3
03	13	3
04	00	8
04	01	12
04	02	7
04	03	7
04	04	0
04	05	4
04	06	2
04	07	6
04	08	5
04	09	6
04	10	3
04	11	6
04	12	7
04	13	6
05	00	9
05	01	4
05	02	6
05	03	1
05	04	2
05	05	0
05	06	2
05	07	3
05	08	2
05	09	4
05	10	4
05	11	4
05	12	5
05	13	3
06	00	4
06	01	11
06	02	8
06	03	17
06	04	4
06	05	0
06	06	0
06	07	2
06	08	2
06	09	1
06	10	10
06	11	6
06	12	7
06	13	5
07	00	6
07	01	7
07	02	7
07	03	7
07	04	3
07	05	2
07	06	0
07	07	0
07	08	2
07	09	5
07	10	6
07	11	8
07	12	5
07	13	6
08	00	4
08	01	6
08	02	3
08	03	6
08	04	2
08	05	0
08	06	2
08	07	2
08	08	0
08	09	1
08	10	1
08	11	2
08	12	5
08	13	4
09	00	42
09	01	6
09	02	0
09	03	2
09	04	2
09	05	2
09	06	1
09	07	1
09	08	1
09	09	0
09	10	16
09	11	26
09	12	6
09	13	5
10	00	44
10	01	8
10	02	35
10	03	593
10	04	3
10	05	0
10	06	2
10	07	2
10	08	1
10	09	1
10	10	0
10	11	18
10	12	5
10	13	5
11	00	18
11	01	4
11	02	6
11	03	3
11	04	3
11	05	0
11	06	2
11	07	0
11	08	0
11	09	0
11	10	1
11	11	0
11	12	3
11	13	6
12	00	9
12	01	12
12	02	0
12	03	0
12	04	0
12	05	0
12	06	0
12	07	0
12	08	0
12	09	0
12	10	2
12	11	1
12	12	0
12	13	4
13	00	2
13	01	1
13	02	0
13	03	0
13	04	0
13	05	0
13	06	0
13	07	0
13	08	0
13	09	0
13	10	0
13	11	0
13	12	0
13	13	0
