$O;D2
*From-time To-Time
22.0 23.0 
*factor
1
*
00	00	0
00	01	1
00	02	33
00	03	174
00	04	1
00	05	3
00	06	55
00	07	27
00	08	1
00	09	2
00	10	1
00	11	2
00	12	2
00	13	0
01	00	5
01	01	0
01	02	45
01	03	1
01	04	9
01	05	9
01	06	11
01	07	14
01	08	14
01	09	6
01	10	7
01	11	9
01	12	11
01	13	7
02	00	0
02	01	0
02	02	0
02	03	0
02	04	0
02	05	0
02	06	0
02	07	0
02	08	0
02	09	0
02	10	0
02	11	0
02	12	0
02	13	0
03	00	5
03	01	0
03	02	4
03	03	23
03	04	0
03	05	2
03	06	2
03	07	9
03	08	7
03	09	7
03	10	9
03	11	22
03	12	4
03	13	6
04	00	7
04	01	20
04	02	6
04	03	12
04	04	0
04	05	8
04	06	4
04	07	7
04	08	8
04	09	10
04	10	9
04	11	8
04	12	10
04	13	13
05	00	10
05	01	4
05	02	8
05	03	2
05	04	3
05	05	0
05	06	5
05	07	4
05	08	3
05	09	5
05	10	5
05	11	12
05	12	7
05	13	4
06	00	8
06	01	18
06	02	7
06	03	10
06	04	8
06	05	0
06	06	0
06	07	2
06	08	5
06	09	2
06	10	14
06	11	15
06	12	12
06	13	8
07	00	15
07	01	16
07	02	10
07	03	5
07	04	8
07	05	3
07	06	0
07	07	0
07	08	4
07	09	6
07	10	10
07	11	10
07	12	13
07	13	11
08	00	4
08	01	11
08	02	4
08	03	7
08	04	2
08	05	2
08	06	1
08	07	2
08	08	0
08	09	3
08	10	3
08	11	3
08	12	7
08	13	12
09	00	68
09	01	8
09	02	2
09	03	1
09	04	2
09	05	3
09	06	1
09	07	3
09	08	2
09	09	0
09	10	43
09	11	80
09	12	8
09	13	9
10	00	59
10	01	16
10	02	47
10	03	554
10	04	6
10	05	1
10	06	2
10	07	2
10	08	2
10	09	3
10	10	0
10	11	24
10	12	15
10	13	20
11	00	61
11	01	7
11	02	12
11	03	6
11	04	4
11	05	1
11	06	1
11	07	1
11	08	0
11	09	1
11	10	2
11	11	0
11	12	9
11	13	10
12	00	7
12	01	30
12	02	2
12	03	0
12	04	2
12	05	1
12	06	1
12	07	2
12	08	2
12	09	1
12	10	2
12	11	1
12	12	0
12	13	12
13	00	1
13	01	3
13	02	0
13	03	0
13	04	0
13	05	0
13	06	0
13	07	0
13	08	0
13	09	0
13	10	0
13	11	0
13	12	0
13	13	0
