$O;D2
*From-time To-Time
20.0 21.0 
*factor
1
*
00	00	0
00	01	1
00	02	67
00	03	257
00	04	3
00	05	5
00	06	82
00	07	51
00	08	3
00	09	2
00	10	3
00	11	3
00	12	3
00	13	2
01	00	9
01	01	0
01	02	54
01	03	4
01	04	19
01	05	13
01	06	31
01	07	34
01	08	21
01	09	11
01	10	12
01	11	10
01	12	26
01	13	17
02	00	0
02	01	0
02	02	0
02	03	0
02	04	0
02	05	0
02	06	0
02	07	0
02	08	0
02	09	0
02	10	0
02	11	0
02	12	0
02	13	0
03	00	11
03	01	0
03	02	16
03	03	37
03	04	0
03	05	2
03	06	3
03	07	18
03	08	9
03	09	10
03	10	13
03	11	54
03	12	6
03	13	9
04	00	23
04	01	29
04	02	14
04	03	18
04	04	0
04	05	12
04	06	8
04	07	16
04	08	16
04	09	27
04	10	7
04	11	8
04	12	12
04	13	23
05	00	13
05	01	13
05	02	29
05	03	5
05	04	5
05	05	0
05	06	6
05	07	6
05	08	11
05	09	12
05	10	8
05	11	18
05	12	15
05	13	7
06	00	20
06	01	34
06	02	20
06	03	21
06	04	12
06	05	0
06	06	0
06	07	9
06	08	3
06	09	4
06	10	16
06	11	34
06	12	32
06	13	9
07	00	31
07	01	24
07	02	38
07	03	15
07	04	10
07	05	5
07	06	1
07	07	0
07	08	6
07	09	23
07	10	16
07	11	36
07	12	28
07	13	14
08	00	11
08	01	22
08	02	8
08	03	19
08	04	4
08	05	3
08	06	4
08	07	5
08	08	0
08	09	4
08	10	6
08	11	6
08	12	14
08	13	26
09	00	96
09	01	18
09	02	1
09	03	3
09	04	5
09	05	5
09	06	5
09	07	4
09	08	2
09	09	0
09	10	66
09	11	125
09	12	14
09	13	11
10	00	223
10	01	18
10	02	128
10	03	1707
10	04	25
10	05	2
10	06	2
10	07	2
10	08	4
10	09	6
10	10	0
10	11	114
10	12	23
10	13	26
11	00	89
11	01	8
11	02	13
11	03	11
11	04	4
11	05	2
11	06	2
11	07	1
11	08	2
11	09	2
11	10	4
11	11	0
11	12	14
11	13	23
12	00	35
12	01	46
12	02	1
12	03	2
12	04	2
12	05	1
12	06	2
12	07	2
12	08	2
12	09	2
12	10	3
12	11	3
12	12	0
12	13	23
13	00	4
13	01	6
13	02	0
13	03	0
13	04	0
13	05	0
13	06	0
13	07	0
13	08	0
13	09	0
13	10	0
13	11	0
13	12	0
13	13	0
