$O;D2
*From-time To-Time
0.0 1.0 
*factor
1
*
00	00	0
00	01	0
00	02	17
00	03	60
00	04	0
00	05	2
00	06	14
00	07	7
00	08	2
00	09	1
00	10	0
00	11	2
00	12	0
00	13	0
01	00	3
01	01	0
01	02	23
01	03	2
01	04	3
01	05	5
01	06	6
01	07	6
01	08	3
01	09	3
01	10	3
01	11	3
01	12	5
01	13	5
02	00	0
02	01	0
02	02	0
02	03	0
02	04	0
02	05	0
02	06	0
02	07	0
02	08	0
02	09	0
02	10	0
02	11	0
02	12	0
02	13	0
03	00	2
03	01	0
03	02	2
03	03	7
03	04	0
03	05	2
03	06	2
03	07	5
03	08	2
03	09	2
03	10	5
03	11	9
03	12	2
03	13	3
04	00	3
04	01	4
04	02	3
04	03	5
04	04	0
04	05	3
04	06	2
04	07	4
04	08	2
04	09	6
04	10	3
04	11	3
04	12	5
04	13	5
05	00	5
05	01	3
05	02	8
05	03	1
05	04	2
05	05	0
05	06	2
05	07	1
05	08	2
05	09	3
05	10	3
05	11	4
05	12	3
05	13	1
06	00	5
06	01	8
06	02	3
06	03	5
06	04	5
06	05	0
06	06	0
06	07	2
06	08	2
06	09	2
06	10	5
06	11	6
06	12	5
06	13	3
07	00	10
07	01	6
07	02	7
07	03	2
07	04	2
07	05	1
07	06	0
07	07	0
07	08	1
07	09	4
07	10	4
07	11	5
07	12	5
07	13	4
08	00	3
08	01	3
08	02	2
08	03	3
08	04	1
08	05	0
08	06	1
08	07	1
08	08	0
08	09	1
08	10	2
08	11	1
08	12	3
08	13	6
09	00	18
09	01	4
09	02	0
09	03	0
09	04	1
09	05	2
09	06	2
09	07	1
09	08	0
09	09	0
09	10	13
09	11	13
09	12	2
09	13	3
10	00	47
10	01	9
10	02	32
10	03	462
10	04	3
10	05	0
10	06	0
10	07	2
10	08	2
10	09	1
10	10	0
10	11	14
10	12	6
10	13	8
11	00	30
11	01	3
11	02	3
11	03	2
11	04	1
11	05	0
11	06	0
11	07	0
11	08	0
11	09	0
11	10	1
11	11	0
11	12	2
11	13	3
12	00	4
12	01	6
12	02	0
12	03	0
12	04	0
12	05	0
12	06	0
12	07	0
12	08	0
12	09	0
12	10	1
12	11	0
12	12	0
12	13	4
13	00	2
13	01	2
13	02	0
13	03	0
13	04	0
13	05	0
13	06	0
13	07	0
13	08	0
13	09	0
13	10	0
13	11	0
13	12	0
13	13	0
