$O;D2
*From-time To-Time
7.0 8.0 
*factor
1
*
00	00	0
00	01	3
00	02	204
00	03	425
00	04	5
00	05	11
00	06	204
00	07	128
00	08	6
00	09	7
00	10	3
00	11	11
00	12	5
00	13	2
01	00	19
01	01	0
01	02	92
01	03	3
01	04	37
01	05	17
01	06	54
01	07	77
01	08	43
01	09	26
01	10	18
01	11	41
01	12	19
01	13	25
02	00	0
02	01	0
02	02	0
02	03	0
02	04	0
02	05	0
02	06	0
02	07	0
02	08	0
02	09	0
02	10	0
02	11	0
02	12	0
02	13	0
03	00	36
03	01	0
03	02	19
03	03	57
03	04	0
03	05	6
03	06	5
03	07	25
03	08	21
03	09	31
03	10	23
03	11	75
03	12	7
03	13	25
04	00	45
04	01	62
04	02	20
04	03	33
04	04	0
04	05	25
04	06	11
04	07	22
04	08	31
04	09	54
04	10	21
04	11	16
04	12	24
04	13	51
05	00	22
05	01	21
05	02	59
05	03	7
05	04	11
05	05	0
05	06	16
05	07	17
05	08	20
05	09	35
05	10	19
05	11	26
05	12	32
05	13	15
06	00	26
06	01	40
06	02	47
06	03	43
06	04	28
06	05	0
06	06	0
06	07	13
06	08	15
06	09	5
06	10	63
06	11	26
06	12	44
06	13	39
07	00	56
07	01	32
07	02	43
07	03	23
07	04	28
07	05	15
07	06	2
07	07	0
07	08	9
07	09	40
07	10	55
07	11	37
07	12	43
07	13	42
08	00	17
08	01	44
08	02	13
08	03	43
08	04	18
08	05	3
08	06	4
08	07	7
08	08	0
08	09	6
08	10	6
08	11	5
08	12	33
08	13	54
09	00	259
09	01	22
09	02	2
09	03	4
09	04	6
09	05	11
09	06	3
09	07	11
09	08	3
09	09	0
09	10	87
09	11	174
09	12	33
09	13	43
10	00	367
10	01	77
10	02	262
10	03	3483
10	04	35
10	05	3
10	06	6
10	07	5
10	08	4
10	09	8
10	10	0
10	11	117
10	12	58
10	13	47
11	00	186
11	01	17
11	02	34
11	03	14
11	04	16
11	05	4
11	06	5
11	07	3
11	08	1
11	09	2
11	10	6
11	11	0
11	12	33
11	13	50
12	00	62
12	01	70
12	02	2
12	03	2
12	04	4
12	05	2
12	06	3
12	07	5
12	08	2
12	09	4
12	10	4
12	11	6
12	12	0
12	13	51
13	00	6
13	01	4
13	02	0
13	03	0
13	04	0
13	05	0
13	06	0
13	07	0
13	08	0
13	09	0
13	10	0
13	11	0
13	12	0
13	13	0
