$O;D2
*From-time To-Time
10.0 11.0 
*factor
1
*
00	00	0
00	01	2
00	02	118
00	03	372
00	04	4
00	05	5
00	06	128
00	07	41
00	08	4
00	09	6
00	10	3
00	11	4
00	12	2
00	13	2
01	00	7
01	01	0
01	02	65
01	03	5
01	04	28
01	05	27
01	06	25
01	07	36
01	08	21
01	09	24
01	10	12
01	11	25
01	12	25
01	13	11
02	00	0
02	01	0
02	02	0
02	03	0
02	04	0
02	05	0
02	06	0
02	07	0
02	08	0
02	09	0
02	10	0
02	11	0
02	12	0
02	13	0
03	00	15
03	01	0
03	02	20
03	03	24
03	04	0
03	05	2
03	06	4
03	07	17
03	08	17
03	09	15
03	10	16
03	11	85
03	12	12
03	13	18
04	00	12
04	01	58
04	02	24
04	03	33
04	04	0
04	05	8
04	06	5
04	07	16
04	08	11
04	09	43
04	10	21
04	11	16
04	12	31
04	13	35
05	00	22
05	01	12
05	02	32
05	03	5
05	04	3
05	05	0
05	06	8
05	07	8
05	08	11
05	09	16
05	10	10
05	11	28
05	12	27
05	13	10
06	00	18
06	01	29
06	02	25
06	03	63
06	04	23
06	05	0
06	06	0
06	07	6
06	08	6
06	09	6
06	10	23
06	11	23
06	12	33
06	13	23
07	00	30
07	01	17
07	02	65
07	03	24
07	04	16
07	05	6
07	06	1
07	07	0
07	08	11
07	09	26
07	10	33
07	11	38
07	12	17
07	13	32
08	00	21
08	01	11
08	02	14
08	03	32
08	04	10
08	05	2
08	06	5
08	07	3
08	08	0
08	09	5
08	10	7
08	11	5
08	12	18
08	13	35
09	00	87
09	01	27
09	02	2
09	03	4
09	04	4
09	05	7
09	06	4
09	07	6
09	08	3
09	09	0
09	10	150
09	11	117
09	12	13
09	13	25
10	00	150
10	01	28
10	02	163
10	03	2681
10	04	23
10	05	2
10	06	5
10	07	2
10	08	5
10	09	7
10	10	0
10	11	74
10	12	26
10	13	31
11	00	159
11	01	21
11	02	29
11	03	12
11	04	7
11	05	3
11	06	4
11	07	1
11	08	1
11	09	2
11	10	4
11	11	0
11	12	12
11	13	13
12	00	22
12	01	33
12	02	2
12	03	1
12	04	3
12	05	1
12	06	1
12	07	2
12	08	2
12	09	2
12	10	2
12	11	2
12	12	0
12	13	14
13	00	5
13	01	6
13	02	0
13	03	0
13	04	0
13	05	0
13	06	0
13	07	0
13	08	0
13	09	0
13	10	0
13	11	0
13	12	0
13	13	0
