$O;D2
*From-time To-Time
11.0 12.0 
*factor
1
*
00	00	0
00	01	1
00	02	98
00	03	338
00	04	3
00	05	5
00	06	98
00	07	70
00	08	3
00	09	4
00	10	2
00	11	6
00	12	2
00	13	1
01	00	10
01	01	0
01	02	111
01	03	3
01	04	26
01	05	18
01	06	30
01	07	39
01	08	22
01	09	18
01	10	11
01	11	23
01	12	22
01	13	17
02	00	0
02	01	0
02	02	0
02	03	0
02	04	0
02	05	0
02	06	0
02	07	0
02	08	0
02	09	0
02	10	0
02	11	0
02	12	0
02	13	0
03	00	21
03	01	0
03	02	14
03	03	42
03	04	0
03	05	3
03	06	5
03	07	20
03	08	12
03	09	15
03	10	18
03	11	81
03	12	8
03	13	16
04	00	20
04	01	41
04	02	20
04	03	22
04	04	0
04	05	14
04	06	8
04	07	20
04	08	16
04	09	29
04	10	14
04	11	15
04	12	22
04	13	23
05	00	27
05	01	14
05	02	29
05	03	4
05	04	5
05	05	0
05	06	9
05	07	8
05	08	9
05	09	16
05	10	15
05	11	21
05	12	20
05	13	7
06	00	20
06	01	29
06	02	23
06	03	44
06	04	22
06	05	0
06	06	0
06	07	8
06	08	7
06	09	4
06	10	29
06	11	30
06	12	34
06	13	20
07	00	47
07	01	30
07	02	45
07	03	22
07	04	14
07	05	7
07	06	1
07	07	0
07	08	7
07	09	20
07	10	27
07	11	34
07	12	30
07	13	22
08	00	14
08	01	21
08	02	16
08	03	22
08	04	8
08	05	2
08	06	3
08	07	4
08	08	0
08	09	6
08	10	5
08	11	5
08	12	16
08	13	29
09	00	135
09	01	22
09	02	1
09	03	3
09	04	3
09	05	5
09	06	3
09	07	6
09	08	3
09	09	0
09	10	101
09	11	145
09	12	16
09	13	22
10	00	203
10	01	35
10	02	135
10	03	2365
10	04	22
10	05	2
10	06	3
10	07	3
10	08	4
10	09	5
10	10	0
10	11	108
10	12	34
10	13	34
11	00	135
11	01	14
11	02	22
11	03	14
11	04	7
11	05	2
11	06	3
11	07	1
11	08	1
11	09	2
11	10	3
11	11	0
11	12	16
11	13	22
12	00	30
12	01	49
12	02	1
12	03	1
12	04	2
12	05	1
12	06	1
12	07	2
12	08	1
12	09	2
12	10	3
12	11	3
12	12	0
12	13	26
13	00	3
13	01	5
13	02	0
13	03	0
13	04	0
13	05	0
13	06	0
13	07	0
13	08	0
13	09	0
13	10	0
13	11	0
13	12	0
13	13	0
