$O;D2
*From-time To-Time
9.0 10.0 
*factor
1
*
00	00	0
00	01	1
00	02	136
00	03	318
00	04	5
00	05	5
00	06	130
00	07	41
00	08	3
00	09	4
00	10	2
00	11	8
00	12	3
00	13	1
01	00	7
01	01	0
01	02	169
01	03	3
01	04	25
01	05	16
01	06	29
01	07	53
01	08	21
01	09	19
01	10	13
01	11	33
01	12	23
01	13	19
02	00	0
02	01	0
02	02	0
02	03	0
02	04	0
02	05	0
02	06	0
02	07	0
02	08	0
02	09	0
02	10	0
02	11	0
02	12	0
02	13	0
03	00	30
03	01	0
03	02	12
03	03	28
03	04	0
03	05	6
03	06	8
03	07	23
03	08	17
03	09	15
03	10	19
03	11	102
03	12	10
03	13	22
04	00	28
04	01	25
04	02	24
04	03	15
04	04	0
04	05	20
04	06	9
04	07	23
04	08	18
04	09	40
04	10	19
04	11	18
04	12	22
04	13	13
05	00	27
05	01	12
05	02	44
05	03	3
05	04	8
05	05	0
05	06	11
05	07	12
05	08	10
05	09	11
05	10	15
05	11	21
05	12	20
05	13	4
06	00	29
06	01	22
06	02	15
06	03	35
06	04	17
06	05	0
06	06	0
06	07	7
06	08	9
06	09	4
06	10	26
06	11	27
06	12	27
06	13	14
07	00	55
07	01	26
07	02	52
07	03	31
07	04	9
07	05	8
07	06	2
07	07	0
07	08	8
07	09	31
07	10	27
07	11	48
07	12	34
07	13	15
08	00	19
08	01	28
08	02	15
08	03	20
08	04	5
08	05	3
08	06	6
08	07	3
08	08	0
08	09	5
08	10	3
08	11	7
08	12	21
08	13	36
09	00	97
09	01	14
09	02	2
09	03	3
09	04	5
09	05	6
09	06	4
09	07	8
09	08	2
09	09	0
09	10	139
09	11	136
09	12	24
09	13	31
10	00	268
10	01	23
10	02	185
10	03	2527
10	04	28
10	05	2
10	06	4
10	07	6
10	08	6
10	09	6
10	10	0
10	11	106
10	12	33
10	13	28
11	00	197
11	01	21
11	02	26
11	03	15
11	04	5
11	05	2
11	06	4
11	07	1
11	08	1
11	09	3
11	10	4
11	11	0
11	12	14
11	13	29
12	00	23
12	01	76
12	02	1
12	03	1
12	04	3
12	05	2
12	06	1
12	07	3
12	08	2
12	09	2
12	10	4
12	11	4
12	12	0
12	13	33
13	00	3
13	01	7
13	02	0
13	03	0
13	04	0
13	05	0
13	06	0
13	07	0
13	08	0
13	09	0
13	10	0
13	11	0
13	12	0
13	13	0
