$O;D2
*From-time To-Time
20.0 21.0 
*factor
1
*
00	00	0
00	01	2
00	02	110
00	03	167
00	04	2
00	05	3
00	06	56
00	07	45
00	08	3
00	09	5
00	10	3
00	11	8
00	12	2
00	13	1
01	00	7
01	01	0
01	02	54
01	03	5
01	04	26
01	05	12
01	06	13
01	07	29
01	08	24
01	09	16
01	10	10
01	11	10
01	12	17
01	13	18
02	00	0
02	01	0
02	02	0
02	03	0
02	04	0
02	05	0
02	06	0
02	07	0
02	08	0
02	09	0
02	10	0
02	11	0
02	12	0
02	13	0
03	00	24
03	01	0
03	02	15
03	03	37
03	04	0
03	05	3
03	06	6
03	07	11
03	08	8
03	09	10
03	10	13
03	11	89
03	12	5
03	13	18
04	00	12
04	01	38
04	02	10
04	03	25
04	04	0
04	05	11
04	06	7
04	07	13
04	08	15
04	09	28
04	10	10
04	11	15
04	12	26
04	13	11
05	00	26
05	01	7
05	02	27
05	03	2
05	04	3
05	05	0
05	06	5
05	07	9
05	08	8
05	09	7
05	10	18
05	11	11
05	12	12
05	13	7
06	00	10
06	01	16
06	02	13
06	03	45
06	04	22
06	05	0
06	06	0
06	07	8
06	08	4
06	09	3
06	10	30
06	11	35
06	12	32
06	13	24
07	00	46
07	01	35
07	02	25
07	03	17
07	04	17
07	05	6
07	06	2
07	07	0
07	08	8
07	09	24
07	10	15
07	11	29
07	12	20
07	13	16
08	00	11
08	01	11
08	02	12
08	03	10
08	04	4
08	05	2
08	06	2
08	07	3
08	08	0
08	09	3
08	10	3
08	11	4
08	12	16
08	13	20
09	00	149
09	01	15
09	02	2
09	03	2
09	04	5
09	05	3
09	06	5
09	07	5
09	08	3
09	09	0
09	10	110
09	11	74
09	12	14
09	13	13
10	00	222
10	01	18
10	02	132
10	03	2242
10	04	18
10	05	3
10	06	2
10	07	2
10	08	4
10	09	6
10	10	0
10	11	67
10	12	14
10	13	21
11	00	135
11	01	17
11	02	11
11	03	16
11	04	8
11	05	3
11	06	3
11	07	1
11	08	2
11	09	3
11	10	4
11	11	0
11	12	8
11	13	23
12	00	19
12	01	20
12	02	2
12	03	2
12	04	2
12	05	1
12	06	2
12	07	2
12	08	1
12	09	2
12	10	4
12	11	3
12	12	0
12	13	21
13	00	3
13	01	6
13	02	0
13	03	0
13	04	0
13	05	0
13	06	0
13	07	0
13	08	0
13	09	0
13	10	0
13	11	0
13	12	0
13	13	0
