$O;D2
*From-time To-Time
8.0 9.0 
*factor
1
*
00	00	0
00	01	2
00	02	107
00	03	545
00	04	5
00	05	8
00	06	109
00	07	116
00	08	3
00	09	6
00	10	3
00	11	10
00	12	4
00	13	2
01	00	17
01	01	0
01	02	152
01	03	3
01	04	28
01	05	26
01	06	50
01	07	65
01	08	18
01	09	27
01	10	9
01	11	27
01	12	38
01	13	29
02	00	0
02	01	0
02	02	0
02	03	0
02	04	0
02	05	0
02	06	0
02	07	0
02	08	0
02	09	0
02	10	0
02	11	0
02	12	0
02	13	0
03	00	37
03	01	0
03	02	28
03	03	50
03	04	0
03	05	3
03	06	10
03	07	22
03	08	21
03	09	14
03	10	14
03	11	95
03	12	15
03	13	14
04	00	16
04	01	51
04	02	32
04	03	20
04	04	0
04	05	14
04	06	17
04	07	38
04	08	24
04	09	34
04	10	15
04	11	17
04	12	33
04	13	33
05	00	25
05	01	19
05	02	56
05	03	7
05	04	6
05	05	0
05	06	16
05	07	12
05	08	9
05	09	12
05	10	15
05	11	31
05	12	28
05	13	10
06	00	22
06	01	21
06	02	20
06	03	71
06	04	32
06	05	0
06	06	0
06	07	17
06	08	11
06	09	5
06	10	55
06	11	31
06	12	30
06	13	36
07	00	34
07	01	30
07	02	89
07	03	43
07	04	25
07	05	12
07	06	1
07	07	0
07	08	12
07	09	29
07	10	43
07	11	30
07	12	46
07	13	41
08	00	25
08	01	42
08	02	31
08	03	37
08	04	11
08	05	3
08	06	6
08	07	6
08	08	0
08	09	9
08	10	8
08	11	6
08	12	22
08	13	23
09	00	229
09	01	38
09	02	2
09	03	6
09	04	4
09	05	9
09	06	4
09	07	5
09	08	3
09	09	0
09	10	178
09	11	238
09	12	17
09	13	18
10	00	316
10	01	36
10	02	227
10	03	3789
10	04	27
10	05	4
10	06	4
10	07	6
10	08	4
10	09	9
10	10	0
10	11	138
10	12	63
10	13	64
11	00	234
11	01	14
11	02	29
11	03	20
11	04	6
11	05	5
11	06	4
11	07	3
11	08	2
11	09	4
11	10	4
11	11	0
11	12	28
11	13	43
12	00	26
12	01	77
12	02	2
12	03	2
12	04	2
12	05	2
12	06	2
12	07	2
12	08	3
12	09	5
12	10	6
12	11	4
12	12	0
12	13	33
13	00	6
13	01	8
13	02	0
13	03	0
13	04	0
13	05	0
13	06	0
13	07	0
13	08	0
13	09	0
13	10	0
13	11	0
13	12	0
13	13	0
