$O;D2
*From-time To-Time
11.0 12.0 
*factor
1
*
00	00	0
00	01	1
00	02	101
00	03	204
00	04	4
00	05	7
00	06	147
00	07	52
00	08	2
00	09	3
00	10	3
00	11	7
00	12	2
00	13	1
01	00	10
01	01	0
01	02	164
01	03	2
01	04	32
01	05	18
01	06	28
01	07	52
01	08	33
01	09	12
01	10	13
01	11	26
01	12	32
01	13	25
02	00	0
02	01	0
02	02	0
02	03	0
02	04	0
02	05	0
02	06	0
02	07	0
02	08	0
02	09	0
02	10	0
02	11	0
02	12	0
02	13	0
03	00	29
03	01	0
03	02	8
03	03	30
03	04	0
03	05	4
03	06	8
03	07	11
03	08	12
03	09	22
03	10	17
03	11	93
03	12	6
03	13	16
04	00	22
04	01	42
04	02	14
04	03	29
04	04	0
04	05	12
04	06	11
04	07	28
04	08	12
04	09	27
04	10	11
04	11	17
04	12	25
04	13	17
05	00	17
05	01	10
05	02	27
05	03	5
05	04	3
05	05	0
05	06	5
05	07	6
05	08	12
05	09	16
05	10	22
05	11	21
05	12	24
05	13	5
06	00	13
06	01	25
06	02	26
06	03	42
06	04	26
06	05	0
06	06	0
06	07	8
06	08	8
06	09	5
06	10	28
06	11	42
06	12	28
06	13	22
07	00	39
07	01	34
07	02	61
07	03	24
07	04	8
07	05	8
07	06	1
07	07	0
07	08	6
07	09	18
07	10	37
07	11	48
07	12	17
07	13	30
08	00	11
08	01	27
08	02	12
08	03	21
08	04	11
08	05	2
08	06	3
08	07	5
08	08	0
08	09	4
08	10	6
08	11	7
08	12	10
08	13	21
09	00	186
09	01	26
09	02	2
09	03	4
09	04	3
09	05	5
09	06	4
09	07	7
09	08	2
09	09	0
09	10	99
09	11	186
09	12	15
09	13	14
10	00	172
10	01	40
10	02	69
10	03	2701
10	04	23
10	05	3
10	06	3
10	07	5
10	08	6
10	09	8
10	10	0
10	11	112
10	12	50
10	13	48
11	00	122
11	01	19
11	02	21
11	03	19
11	04	5
11	05	3
11	06	4
11	07	1
11	08	2
11	09	2
11	10	4
11	11	0
11	12	15
11	13	12
12	00	39
12	01	31
12	02	2
12	03	2
12	04	2
12	05	1
12	06	2
12	07	2
12	08	2
12	09	2
12	10	5
12	11	3
12	12	0
12	13	35
13	00	4
13	01	6
13	02	0
13	03	0
13	04	0
13	05	0
13	06	0
13	07	0
13	08	0
13	09	0
13	10	0
13	11	0
13	12	0
13	13	0
