$O;D2
*From-time To-Time
19.0 20.0 
*factor
1
*
00	00	0
00	01	1
00	02	119
00	03	179
00	04	3
00	05	6
00	06	85
00	07	92
00	08	3
00	09	4
00	10	3
00	11	9
00	12	3
00	13	1
01	00	13
01	01	0
01	02	102
01	03	5
01	04	36
01	05	27
01	06	32
01	07	52
01	08	23
01	09	21
01	10	13
01	11	18
01	12	30
01	13	14
02	00	0
02	01	0
02	02	0
02	03	0
02	04	0
02	05	0
02	06	0
02	07	0
02	08	0
02	09	0
02	10	0
02	11	0
02	12	0
02	13	0
03	00	21
03	01	0
03	02	14
03	03	46
03	04	0
03	05	2
03	06	5
03	07	19
03	08	18
03	09	16
03	10	12
03	11	82
03	12	12
03	13	20
04	00	17
04	01	56
04	02	12
04	03	12
04	04	0
04	05	13
04	06	9
04	07	14
04	08	23
04	09	18
04	10	19
04	11	17
04	12	13
04	13	29
05	00	19
05	01	20
05	02	42
05	03	4
05	04	6
05	05	0
05	06	6
05	07	5
05	08	7
05	09	18
05	10	12
05	11	17
05	12	24
05	13	6
06	00	28
06	01	38
06	02	19
06	03	52
06	04	22
06	05	0
06	06	0
06	07	10
06	08	6
06	09	3
06	10	33
06	11	33
06	12	34
06	13	18
07	00	50
07	01	37
07	02	55
07	03	32
07	04	16
07	05	8
07	06	1
07	07	0
07	08	8
07	09	16
07	10	40
07	11	41
07	12	18
07	13	21
08	00	17
08	01	19
08	02	16
08	03	22
08	04	9
08	05	2
08	06	3
08	07	6
08	08	0
08	09	4
08	10	7
08	11	7
08	12	19
08	13	22
09	00	149
09	01	14
09	02	2
09	03	4
09	04	3
09	05	8
09	06	3
09	07	7
09	08	3
09	09	0
09	10	129
09	11	173
09	12	17
09	13	24
10	00	291
10	01	26
10	02	125
10	03	1430
10	04	24
10	05	2
10	06	4
10	07	5
10	08	3
10	09	8
10	10	0
10	11	56
10	12	37
10	13	21
11	00	166
11	01	13
11	02	19
11	03	8
11	04	8
11	05	3
11	06	4
11	07	2
11	08	2
11	09	3
11	10	3
11	11	0
11	12	24
11	13	21
12	00	23
12	01	48
12	02	1
12	03	1
12	04	3
12	05	2
12	06	2
12	07	3
12	08	1
12	09	3
12	10	5
12	11	4
12	12	0
12	13	31
13	00	3
13	01	6
13	02	0
13	03	0
13	04	0
13	05	0
13	06	0
13	07	0
13	08	0
13	09	0
13	10	0
13	11	0
13	12	0
13	13	0
