$O;D2
*From-time To-Time
14.0 15.0 
*factor
1
*
00	00	0
00	01	3
00	02	122
00	03	532
00	04	3
00	05	5
00	06	125
00	07	54
00	08	3
00	09	3
00	10	2
00	11	10
00	12	2
00	13	1
01	00	12
01	01	0
01	02	146
01	03	3
01	04	30
01	05	27
01	06	47
01	07	44
01	08	34
01	09	29
01	10	12
01	11	33
01	12	34
01	13	14
02	00	0
02	01	0
02	02	0
02	03	0
02	04	0
02	05	0
02	06	0
02	07	0
02	08	0
02	09	0
02	10	0
02	11	0
02	12	0
02	13	0
03	00	13
03	01	0
03	02	14
03	03	56
03	04	0
03	05	5
03	06	8
03	07	24
03	08	17
03	09	25
03	10	29
03	11	56
03	12	6
03	13	18
04	00	25
04	01	57
04	02	25
04	03	27
04	04	0
04	05	8
04	06	8
04	07	16
04	08	18
04	09	45
04	10	17
04	11	26
04	12	14
04	13	18
05	00	43
05	01	17
05	02	38
05	03	4
05	04	7
05	05	0
05	06	16
05	07	11
05	08	13
05	09	12
05	10	22
05	11	26
05	12	15
05	13	7
06	00	14
06	01	25
06	02	27
06	03	50
06	04	30
06	05	0
06	06	0
06	07	11
06	08	8
06	09	3
06	10	24
06	11	50
06	12	23
06	13	26
07	00	70
07	01	28
07	02	60
07	03	30
07	04	12
07	05	10
07	06	1
07	07	0
07	08	6
07	09	31
07	10	41
07	11	27
07	12	28
07	13	16
08	00	9
08	01	28
08	02	24
08	03	34
08	04	11
08	05	3
08	06	6
08	07	4
08	08	0
08	09	7
08	10	5
08	11	4
08	12	23
08	13	22
09	00	79
09	01	15
09	02	2
09	03	4
09	04	6
09	05	6
09	06	4
09	07	9
09	08	3
09	09	0
09	10	132
09	11	191
09	12	15
09	13	13
10	00	124
10	01	47
10	02	95
10	03	3259
10	04	29
10	05	3
10	06	3
10	07	4
10	08	5
10	09	5
10	10	0
10	11	137
10	12	48
10	13	33
11	00	107
11	01	13
11	02	36
11	03	17
11	04	11
11	05	2
11	06	4
11	07	3
11	08	1
11	09	2
11	10	3
11	11	0
11	12	24
11	13	29
12	00	39
12	01	62
12	02	2
12	03	2
12	04	3
12	05	2
12	06	3
12	07	2
12	08	3
12	09	2
12	10	6
12	11	4
12	12	0
12	13	21
13	00	5
13	01	7
13	02	0
13	03	0
13	04	0
13	05	0
13	06	0
13	07	0
13	08	0
13	09	0
13	10	0
13	11	0
13	12	0
13	13	0
