$O;D2
*From-time To-Time
12.0 13.0 
*factor
1
*
00	00	0
00	01	2
00	02	64
00	03	442
00	04	3
00	05	7
00	06	67
00	07	66
00	08	4
00	09	6
00	10	2
00	11	4
00	12	2
00	13	1
01	00	14
01	01	0
01	02	66
01	03	3
01	04	18
01	05	16
01	06	46
01	07	22
01	08	19
01	09	22
01	10	8
01	11	28
01	12	32
01	13	11
02	00	0
02	01	0
02	02	0
02	03	0
02	04	0
02	05	0
02	06	0
02	07	0
02	08	0
02	09	0
02	10	0
02	11	0
02	12	0
02	13	0
03	00	23
03	01	0
03	02	21
03	03	45
03	04	0
03	05	4
03	06	9
03	07	22
03	08	9
03	09	10
03	10	11
03	11	51
03	12	12
03	13	17
04	00	17
04	01	38
04	02	22
04	03	29
04	04	0
04	05	18
04	06	10
04	07	24
04	08	23
04	09	40
04	10	11
04	11	8
04	12	30
04	13	20
05	00	18
05	01	15
05	02	18
05	03	4
05	04	5
05	05	0
05	06	9
05	07	12
05	08	11
05	09	19
05	10	16
05	11	25
05	12	25
05	13	11
06	00	29
06	01	44
06	02	35
06	03	27
06	04	31
06	05	0
06	06	0
06	07	12
06	08	9
06	09	5
06	10	28
06	11	20
06	12	39
06	13	21
07	00	43
07	01	48
07	02	55
07	03	25
07	04	14
07	05	9
07	06	2
07	07	0
07	08	6
07	09	28
07	10	32
07	11	43
07	12	17
07	13	30
08	00	15
08	01	27
08	02	13
08	03	18
08	04	11
08	05	2
08	06	3
08	07	6
08	08	0
08	09	9
08	10	5
08	11	9
08	12	14
08	13	29
09	00	199
09	01	18
09	02	2
09	03	2
09	04	3
09	05	5
09	06	5
09	07	6
09	08	5
09	09	0
09	10	134
09	11	160
09	12	16
09	13	26
10	00	249
10	01	19
10	02	183
10	03	3220
10	04	28
10	05	3
10	06	4
10	07	6
10	08	4
10	09	4
10	10	0
10	11	162
10	12	27
10	13	46
11	00	189
11	01	9
11	02	13
11	03	13
11	04	11
11	05	3
11	06	2
11	07	2
11	08	1
11	09	3
11	10	5
11	11	0
11	12	17
11	13	14
12	00	25
12	01	41
12	02	2
12	03	1
12	04	2
12	05	2
12	06	2
12	07	2
12	08	2
12	09	3
12	10	6
12	11	4
12	12	0
12	13	38
13	00	4
13	01	3
13	02	0
13	03	0
13	04	0
13	05	0
13	06	0
13	07	0
13	08	0
13	09	0
13	10	0
13	11	0
13	12	0
13	13	0
