$O;D2
*From-time To-Time
14.0 15.0 
*factor
1
*
00	00	0
00	01	2
00	02	148
00	03	338
00	04	5
00	05	8
00	06	76
00	07	102
00	08	3
00	09	6
00	10	2
00	11	6
00	12	3
00	13	1
01	00	15
01	01	0
01	02	68
01	03	6
01	04	45
01	05	30
01	06	20
01	07	33
01	08	22
01	09	22
01	10	15
01	11	17
01	12	23
01	13	11
02	00	0
02	01	0
02	02	0
02	03	0
02	04	0
02	05	0
02	06	0
02	07	0
02	08	0
02	09	0
02	10	0
02	11	0
02	12	0
02	13	0
03	00	25
03	01	0
03	02	17
03	03	40
03	04	0
03	05	3
03	06	5
03	07	34
03	08	15
03	09	12
03	10	17
03	11	134
03	12	6
03	13	25
04	00	22
04	01	54
04	02	23
04	03	23
04	04	0
04	05	21
04	06	7
04	07	28
04	08	12
04	09	35
04	10	24
04	11	15
04	12	22
04	13	16
05	00	16
05	01	15
05	02	19
05	03	5
05	04	4
05	05	0
05	06	11
05	07	11
05	08	16
05	09	15
05	10	12
05	11	31
05	12	35
05	13	12
06	00	29
06	01	36
06	02	19
06	03	74
06	04	13
06	05	0
06	06	0
06	07	7
06	08	9
06	09	7
06	10	23
06	11	24
06	12	43
06	13	19
07	00	58
07	01	23
07	02	59
07	03	29
07	04	10
07	05	5
07	06	2
07	07	0
07	08	7
07	09	30
07	10	35
07	11	31
07	12	32
07	13	30
08	00	10
08	01	31
08	02	21
08	03	27
08	04	12
08	05	3
08	06	6
08	07	4
08	08	0
08	09	7
08	10	5
08	11	5
08	12	10
08	13	45
09	00	121
09	01	36
09	02	3
09	03	3
09	04	6
09	05	7
09	06	4
09	07	8
09	08	3
09	09	0
09	10	100
09	11	228
09	12	23
09	13	35
10	00	146
10	01	26
10	02	185
10	03	1849
10	04	14
10	05	3
10	06	3
10	07	4
10	08	7
10	09	6
10	10	0
10	11	89
10	12	35
10	13	25
11	00	188
11	01	9
11	02	24
11	03	22
11	04	9
11	05	2
11	06	4
11	07	2
11	08	1
11	09	2
11	10	4
11	11	0
11	12	21
11	13	15
12	00	40
12	01	70
12	02	2
12	03	2
12	04	3
12	05	2
12	06	2
12	07	3
12	08	3
12	09	2
12	10	6
12	11	3
12	12	0
12	13	28
13	00	5
13	01	8
13	02	0
13	03	0
13	04	0
13	05	0
13	06	0
13	07	0
13	08	0
13	09	0
13	10	0
13	11	0
13	12	0
13	13	0
