$O;D2
*From-time To-Time
5.0 6.0 
*factor
1
*
00	00	0
00	01	0
00	02	24
00	03	81
00	04	1
00	05	1
00	06	24
00	07	17
00	08	1
00	09	1
00	10	0
00	11	1
00	12	0
00	13	0
01	00	2
01	01	0
01	02	27
01	03	1
01	04	6
01	05	4
01	06	7
01	07	9
01	08	5
01	09	4
01	10	3
01	11	6
01	12	5
01	13	4
02	00	0
02	01	0
02	02	0
02	03	0
02	04	0
02	05	0
02	06	0
02	07	0
02	08	0
02	09	0
02	10	0
02	11	0
02	12	0
02	13	0
03	00	5
03	01	0
03	02	3
03	03	10
03	04	0
03	05	1
03	06	1
03	07	5
03	08	3
03	09	4
03	10	4
03	11	19
03	12	2
03	13	4
04	00	5
04	01	10
04	02	5
04	03	5
04	04	0
04	05	3
04	06	2
04	07	5
04	08	4
04	09	7
04	10	3
04	11	4
04	12	5
04	13	6
05	00	6
05	01	3
05	02	7
05	03	1
05	04	1
05	05	0
05	06	2
05	07	2
05	08	2
05	09	4
05	10	4
05	11	5
05	12	5
05	13	2
06	00	5
06	01	7
06	02	6
06	03	11
06	04	5
06	05	0
06	06	0
06	07	2
06	08	2
06	09	1
06	10	7
06	11	7
06	12	8
06	13	5
07	00	11
07	01	7
07	02	11
07	03	5
07	04	3
07	05	2
07	06	0
07	07	0
07	08	2
07	09	5
07	10	6
07	11	8
07	12	7
07	13	5
08	00	3
08	01	5
08	02	4
08	03	5
08	04	2
08	05	0
08	06	1
08	07	1
08	08	0
08	09	1
08	10	1
08	11	1
08	12	4
08	13	7
09	00	32
09	01	5
09	02	0
09	03	1
09	04	1
09	05	1
09	06	1
09	07	1
09	08	1
09	09	0
09	10	24
09	11	35
09	12	4
09	13	5
10	00	49
10	01	8
10	02	32
10	03	568
10	04	5
10	05	0
10	06	1
10	07	1
10	08	1
10	09	1
10	10	0
10	11	26
10	12	8
10	13	8
11	00	32
11	01	3
11	02	5
11	03	3
11	04	2
11	05	0
11	06	1
11	07	0
11	08	0
11	09	0
11	10	1
11	11	0
11	12	4
11	13	5
12	00	7
12	01	12
12	02	0
12	03	0
12	04	0
12	05	0
12	06	0
12	07	0
12	08	0
12	09	0
12	10	1
12	11	1
12	12	0
12	13	6
13	00	1
13	01	1
13	02	0
13	03	0
13	04	0
13	05	0
13	06	0
13	07	0
13	08	0
13	09	0
13	10	0
13	11	0
13	12	0
13	13	0
