$O;D2
*From-time To-Time
11.0 12.0 
*factor
1
*
00	00	0
00	01	1
00	02	78
00	03	429
00	04	4
00	05	4
00	06	66
00	07	82
00	08	4
00	09	3
00	10	2
00	11	6
00	12	3
00	13	1
01	00	6
01	01	0
01	02	154
01	03	4
01	04	15
01	05	18
01	06	30
01	07	21
01	08	24
01	09	14
01	10	8
01	11	16
01	12	14
01	13	24
02	00	0
02	01	0
02	02	0
02	03	0
02	04	0
02	05	0
02	06	0
02	07	0
02	08	0
02	09	0
02	10	0
02	11	0
02	12	0
02	13	0
03	00	12
03	01	0
03	02	17
03	03	26
03	04	0
03	05	5
03	06	4
03	07	15
03	08	8
03	09	22
03	10	20
03	11	50
03	12	12
03	13	21
04	00	27
04	01	43
04	02	16
04	03	28
04	04	0
04	05	16
04	06	10
04	07	29
04	08	9
04	09	25
04	10	8
04	11	20
04	12	14
04	13	20
05	00	20
05	01	17
05	02	23
05	03	3
05	04	6
05	05	0
05	06	14
05	07	9
05	08	13
05	09	11
05	10	13
05	11	17
05	12	20
05	13	8
06	00	22
06	01	16
06	02	29
06	03	45
06	04	12
06	05	0
06	06	0
06	07	8
06	08	10
06	09	6
06	10	22
06	11	36
06	12	31
06	13	18
07	00	64
07	01	36
07	02	43
07	03	27
07	04	21
07	05	9
07	06	2
07	07	0
07	08	10
07	09	14
07	10	22
07	11	24
07	12	43
07	13	16
08	00	19
08	01	23
08	02	12
08	03	24
08	04	9
08	05	2
08	06	4
08	07	5
08	08	0
08	09	6
08	10	5
08	11	7
08	12	15
08	13	27
09	00	114
09	01	18
09	02	2
09	03	3
09	04	4
09	05	3
09	06	5
09	07	6
09	08	5
09	09	0
09	10	92
09	11	147
09	12	10
09	13	26
10	00	216
10	01	24
10	02	122
10	03	1230
10	04	24
10	05	2
10	06	4
10	07	2
10	08	3
10	09	4
10	10	0
10	11	90
10	12	47
10	13	43
11	00	199
11	01	19
11	02	26
11	03	10
11	04	5
11	05	2
11	06	4
11	07	1
11	08	1
11	09	3
11	10	5
11	11	0
11	12	14
11	13	13
12	00	30
12	01	42
12	02	2
12	03	2
12	04	2
12	05	1
12	06	1
12	07	2
12	08	1
12	09	3
12	10	4
12	11	3
12	12	0
12	13	16
13	00	4
13	01	8
13	02	0
13	03	0
13	04	0
13	05	0
13	06	0
13	07	0
13	08	0
13	09	0
13	10	0
13	11	0
13	12	0
13	13	0
