$O;D2
*From-time To-Time
22.0 23.0 
*factor
1
*
00	00	0
00	01	2
00	02	32
00	03	111
00	04	2
00	05	3
00	06	59
00	07	29
00	08	2
00	09	2
00	10	1
00	11	3
00	12	2
00	13	0
01	00	4
01	01	0
01	02	61
01	03	2
01	04	11
01	05	8
01	06	8
01	07	12
01	08	9
01	09	6
01	10	5
01	11	10
01	12	5
01	13	8
02	00	0
02	01	0
02	02	0
02	03	0
02	04	0
02	05	0
02	06	0
02	07	0
02	08	0
02	09	0
02	10	0
02	11	0
02	12	0
02	13	0
03	00	6
03	01	0
03	02	8
03	03	15
03	04	0
03	05	2
03	06	3
03	07	8
03	08	7
03	09	5
03	10	11
03	11	27
03	12	3
03	13	4
04	00	12
04	01	24
04	02	9
04	03	12
04	04	0
04	05	7
04	06	4
04	07	11
04	08	7
04	09	9
04	10	6
04	11	6
04	12	11
04	13	8
05	00	11
05	01	4
05	02	14
05	03	2
05	04	2
05	05	0
05	06	4
05	07	4
05	08	5
05	09	7
05	10	7
05	11	7
05	12	6
05	13	4
06	00	10
06	01	9
06	02	5
06	03	23
06	04	6
06	05	0
06	06	0
06	07	3
06	08	3
06	09	3
06	10	9
06	11	7
06	12	11
06	13	9
07	00	11
07	01	10
07	02	19
07	03	6
07	04	4
07	05	4
07	06	0
07	07	0
07	08	4
07	09	6
07	10	11
07	11	12
07	12	8
07	13	6
08	00	8
08	01	6
08	02	7
08	03	7
08	04	4
08	05	1
08	06	2
08	07	2
08	08	0
08	09	3
08	10	2
08	11	2
08	12	8
08	13	11
09	00	44
09	01	6
09	02	2
09	03	1
09	04	2
09	05	2
09	06	1
09	07	3
09	08	1
09	09	0
09	10	51
09	11	43
09	12	6
09	13	9
10	00	48
10	01	16
10	02	72
10	03	669
10	04	7
10	05	1
10	06	2
10	07	2
10	08	2
10	09	3
10	10	0
10	11	42
10	12	19
10	13	8
11	00	40
11	01	7
11	02	8
11	03	5
11	04	2
11	05	2
11	06	1
11	07	1
11	08	0
11	09	1
11	10	2
11	11	0
11	12	9
11	13	10
12	00	16
12	01	22
12	02	2
12	03	0
12	04	1
12	05	1
12	06	2
12	07	1
12	08	2
12	09	2
12	10	1
12	11	1
12	12	0
12	13	13
13	00	1
13	01	3
13	02	0
13	03	0
13	04	0
13	05	0
13	06	0
13	07	0
13	08	0
13	09	0
13	10	0
13	11	0
13	12	0
13	13	0
