$O;D2
*From-time To-Time
6.0 7.0 
*factor
1
*
00	00	0
00	01	2
00	02	76
00	03	377
00	04	3
00	05	6
00	06	60
00	07	70
00	08	5
00	09	5
00	10	3
00	11	6
00	12	3
00	13	1
01	00	10
01	01	0
01	02	93
01	03	4
01	04	17
01	05	9
01	06	29
01	07	35
01	08	30
01	09	19
01	10	9
01	11	12
01	12	21
01	13	13
02	00	0
02	01	0
02	02	0
02	03	0
02	04	0
02	05	0
02	06	0
02	07	0
02	08	0
02	09	0
02	10	0
02	11	0
02	12	0
02	13	0
03	00	15
03	01	0
03	02	16
03	03	28
03	04	0
03	05	3
03	06	7
03	07	26
03	08	8
03	09	8
03	10	21
03	11	41
03	12	4
03	13	21
04	00	13
04	01	26
04	02	21
04	03	12
04	04	0
04	05	11
04	06	11
04	07	10
04	08	11
04	09	17
04	10	15
04	11	18
04	12	14
04	13	17
05	00	24
05	01	19
05	02	31
05	03	3
05	04	6
05	05	0
05	06	6
05	07	10
05	08	14
05	09	17
05	10	19
05	11	24
05	12	24
05	13	8
06	00	10
06	01	35
06	02	19
06	03	38
06	04	16
06	05	0
06	06	0
06	07	7
06	08	6
06	09	3
06	10	26
06	11	14
06	12	37
06	13	19
07	00	25
07	01	39
07	02	39
07	03	14
07	04	14
07	05	9
07	06	1
07	07	0
07	08	9
07	09	10
07	10	36
07	11	27
07	12	27
07	13	12
08	00	15
08	01	21
08	02	12
08	03	15
08	04	9
08	05	3
08	06	3
08	07	6
08	08	0
08	09	5
08	10	3
08	11	6
08	12	19
08	13	21
09	00	163
09	01	18
09	02	1
09	03	3
09	04	3
09	05	4
09	06	4
09	07	7
09	08	2
09	09	0
09	10	104
09	11	121
09	12	14
09	13	14
10	00	92
10	01	40
10	02	85
10	03	1754
10	04	25
10	05	3
10	06	3
10	07	4
10	08	6
10	09	4
10	10	0
10	11	74
10	12	41
10	13	25
11	00	94
11	01	15
11	02	17
11	03	12
11	04	10
11	05	2
11	06	2
11	07	2
11	08	1
11	09	3
11	10	5
11	11	0
11	12	13
11	13	25
12	00	41
12	01	32
12	02	2
12	03	1
12	04	3
12	05	1
12	06	2
12	07	2
12	08	2
12	09	2
12	10	3
12	11	2
12	12	0
12	13	20
13	00	3
13	01	4
13	02	0
13	03	0
13	04	0
13	05	0
13	06	0
13	07	0
13	08	0
13	09	0
13	10	0
13	11	0
13	12	0
13	13	0
