$O;D2
*From-time To-Time
6.0 7.0 
*factor
1
*
00	00	0
00	01	1
00	02	87
00	03	254
00	04	3
00	05	5
00	06	70
00	07	55
00	08	2
00	09	6
00	10	3
00	11	3
00	12	3
00	13	2
01	00	9
01	01	0
01	02	135
01	03	3
01	04	24
01	05	19
01	06	27
01	07	40
01	08	18
01	09	21
01	10	11
01	11	18
01	12	25
01	13	18
02	00	0
02	01	0
02	02	0
02	03	0
02	04	0
02	05	0
02	06	0
02	07	0
02	08	0
02	09	0
02	10	0
02	11	0
02	12	0
02	13	0
03	00	28
03	01	0
03	02	7
03	03	35
03	04	0
03	05	4
03	06	5
03	07	23
03	08	11
03	09	8
03	10	18
03	11	103
03	12	6
03	13	11
04	00	21
04	01	34
04	02	19
04	03	27
04	04	0
04	05	12
04	06	10
04	07	12
04	08	21
04	09	23
04	10	17
04	11	14
04	12	19
04	13	13
05	00	28
05	01	8
05	02	34
05	03	5
05	04	7
05	05	0
05	06	7
05	07	9
05	08	13
05	09	9
05	10	9
05	11	19
05	12	17
05	13	9
06	00	25
06	01	21
06	02	22
06	03	59
06	04	28
06	05	0
06	06	0
06	07	9
06	08	6
06	09	4
06	10	25
06	11	20
06	12	40
06	13	27
07	00	41
07	01	20
07	02	60
07	03	28
07	04	10
07	05	7
07	06	2
07	07	0
07	08	6
07	09	15
07	10	36
07	11	45
07	12	16
07	13	25
08	00	7
08	01	12
08	02	19
08	03	24
08	04	8
08	05	2
08	06	4
08	07	4
08	08	0
08	09	7
08	10	4
08	11	8
08	12	19
08	13	21
09	00	84
09	01	20
09	02	2
09	03	2
09	04	4
09	05	6
09	06	4
09	07	3
09	08	2
09	09	0
09	10	134
09	11	180
09	12	9
09	13	19
10	00	98
10	01	26
10	02	71
10	03	1887
10	04	18
10	05	3
10	06	2
10	07	2
10	08	6
10	09	4
10	10	0
10	11	138
10	12	28
10	13	29
11	00	127
11	01	19
11	02	12
11	03	9
11	04	4
11	05	3
11	06	2
11	07	1
11	08	1
11	09	3
11	10	4
11	11	0
11	12	20
11	13	21
12	00	16
12	01	65
12	02	1
12	03	2
12	04	3
12	05	1
12	06	1
12	07	2
12	08	1
12	09	3
12	10	3
12	11	2
12	12	0
12	13	31
13	00	4
13	01	3
13	02	0
13	03	0
13	04	0
13	05	0
13	06	0
13	07	0
13	08	0
13	09	0
13	10	0
13	11	0
13	12	0
13	13	0
