$O;D2
*From-time To-Time
9.0 10.0 
*factor
1
*
00	00	0
00	01	1
00	02	94
00	03	258
00	04	3
00	05	4
00	06	126
00	07	108
00	08	6
00	09	6
00	10	2
00	11	5
00	12	2
00	13	1
01	00	6
01	01	0
01	02	134
01	03	6
01	04	35
01	05	22
01	06	31
01	07	22
01	08	26
01	09	26
01	10	9
01	11	34
01	12	19
01	13	13
02	00	0
02	01	0
02	02	0
02	03	0
02	04	0
02	05	0
02	06	0
02	07	0
02	08	0
02	09	0
02	10	0
02	11	0
02	12	0
02	13	0
03	00	27
03	01	0
03	02	23
03	03	61
03	04	0
03	05	4
03	06	7
03	07	22
03	08	14
03	09	15
03	10	17
03	11	100
03	12	11
03	13	10
04	00	21
04	01	38
04	02	19
04	03	14
04	04	0
04	05	8
04	06	6
04	07	26
04	08	14
04	09	19
04	10	16
04	11	17
04	12	27
04	13	25
05	00	38
05	01	10
05	02	29
05	03	6
05	04	9
05	05	0
05	06	13
05	07	11
05	08	15
05	09	10
05	10	14
05	11	16
05	12	30
05	13	8
06	00	14
06	01	30
06	02	24
06	03	30
06	04	24
06	05	0
06	06	0
06	07	10
06	08	7
06	09	3
06	10	45
06	11	43
06	12	22
06	13	20
07	00	34
07	01	42
07	02	64
07	03	28
07	04	17
07	05	6
07	06	1
07	07	0
07	08	5
07	09	14
07	10	17
07	11	48
07	12	35
07	13	22
08	00	15
08	01	14
08	02	13
08	03	28
08	04	8
08	05	3
08	06	3
08	07	3
08	08	0
08	09	7
08	10	7
08	11	4
08	12	18
08	13	21
09	00	91
09	01	27
09	02	1
09	03	3
09	04	3
09	05	7
09	06	3
09	07	9
09	08	3
09	09	0
09	10	124
09	11	94
09	12	20
09	13	19
10	00	240
10	01	34
10	02	86
10	03	2762
10	04	20
10	05	3
10	06	4
10	07	3
10	08	6
10	09	6
10	10	0
10	11	121
10	12	19
10	13	52
11	00	79
11	01	18
11	02	16
11	03	19
11	04	9
11	05	2
11	06	4
11	07	1
11	08	1
11	09	3
11	10	4
11	11	0
11	12	20
11	13	29
12	00	43
12	01	59
12	02	1
12	03	1
12	04	2
12	05	1
12	06	1
12	07	3
12	08	1
12	09	2
12	10	4
12	11	4
12	12	0
12	13	34
13	00	4
13	01	4
13	02	0
13	03	0
13	04	0
13	05	0
13	06	0
13	07	0
13	08	0
13	09	0
13	10	0
13	11	0
13	12	0
13	13	0
