$O;D2
*From-time To-Time
6.0 7.0 
*factor
1
*
00	00	0
00	01	1
00	02	88
00	03	304
00	04	2
00	05	4
00	06	88
00	07	63
00	08	3
00	09	4
00	10	2
00	11	5
00	12	2
00	13	1
01	00	9
01	01	0
01	02	100
01	03	3
01	04	24
01	05	16
01	06	27
01	07	35
01	08	20
01	09	16
01	10	10
01	11	21
01	12	19
01	13	15
02	00	0
02	01	0
02	02	0
02	03	0
02	04	0
02	05	0
02	06	0
02	07	0
02	08	0
02	09	0
02	10	0
02	11	0
02	12	0
02	13	0
03	00	19
03	01	0
03	02	13
03	03	38
03	04	0
03	05	3
03	06	5
03	07	18
03	08	11
03	09	13
03	10	16
03	11	73
03	12	7
03	13	14
04	00	18
04	01	36
04	02	18
04	03	19
04	04	0
04	05	12
04	06	7
04	07	18
04	08	14
04	09	26
04	10	13
04	11	13
04	12	19
04	13	21
05	00	24
05	01	13
05	02	26
05	03	4
05	04	5
05	05	0
05	06	9
05	07	7
05	08	9
05	09	15
05	10	13
05	11	19
05	12	18
05	13	6
06	00	18
06	01	26
06	02	21
06	03	40
06	04	19
06	05	0
06	06	0
06	07	7
06	08	6
06	09	4
06	10	26
06	11	27
06	12	30
06	13	18
07	00	43
07	01	27
07	02	41
07	03	19
07	04	13
07	05	6
07	06	1
07	07	0
07	08	6
07	09	18
07	10	24
07	11	30
07	12	27
07	13	19
08	00	12
08	01	19
08	02	14
08	03	19
08	04	7
08	05	2
08	06	3
08	07	4
08	08	0
08	09	5
08	10	4
08	11	5
08	12	14
08	13	26
09	00	122
09	01	19
09	02	1
09	03	2
09	04	3
09	05	4
09	06	3
09	07	5
09	08	2
09	09	0
09	10	91
09	11	131
09	12	14
09	13	19
10	00	182
10	01	32
10	02	122
10	03	2128
10	04	19
10	05	2
10	06	2
10	07	3
10	08	4
10	09	4
10	10	0
10	11	97
10	12	30
10	13	31
11	00	122
11	01	13
11	02	19
11	03	13
11	04	7
11	05	2
11	06	2
11	07	1
11	08	1
11	09	2
11	10	3
11	11	0
11	12	14
11	13	20
12	00	27
12	01	44
12	02	1
12	03	1
12	04	2
12	05	1
12	06	1
12	07	2
12	08	1
12	09	2
12	10	3
12	11	2
12	12	0
12	13	23
13	00	3
13	01	4
13	02	0
13	03	0
13	04	0
13	05	0
13	06	0
13	07	0
13	08	0
13	09	0
13	10	0
13	11	0
13	12	0
13	13	0
