$O;D2
*From-time To-Time
16.0 17.0 
*factor
1
*
00	00	0
00	01	3
00	02	159
00	03	659
00	04	7
00	05	7
00	06	233
00	07	174
00	08	4
00	09	8
00	10	4
00	11	15
00	12	4
00	13	2
01	00	12
01	01	0
01	02	216
01	03	8
01	04	62
01	05	19
01	06	40
01	07	41
01	08	31
01	09	43
01	10	23
01	11	25
01	12	29
01	13	33
02	00	0
02	01	0
02	02	0
02	03	0
02	04	0
02	05	0
02	06	0
02	07	0
02	08	0
02	09	0
02	10	0
02	11	0
02	12	0
02	13	0
03	00	18
03	01	0
03	02	36
03	03	97
03	04	0
03	05	5
03	06	9
03	07	23
03	08	11
03	09	15
03	10	47
03	11	180
03	12	16
03	13	17
04	00	39
04	01	49
04	02	19
04	03	43
04	04	0
04	05	26
04	06	14
04	07	40
04	08	21
04	09	58
04	10	15
04	11	26
04	12	26
04	13	52
05	00	52
05	01	21
05	02	63
05	03	8
05	04	8
05	05	0
05	06	12
05	07	10
05	08	16
05	09	15
05	10	28
05	11	49
05	12	46
05	13	8
06	00	48
06	01	56
06	02	51
06	03	97
06	04	24
06	05	0
06	06	0
06	07	10
06	08	7
06	09	7
06	10	33
06	11	67
06	12	38
06	13	36
07	00	67
07	01	43
07	02	110
07	03	29
07	04	34
07	05	6
07	06	2
07	07	0
07	08	11
07	09	32
07	10	38
07	11	57
07	12	36
07	13	30
08	00	24
08	01	43
08	02	35
08	03	32
08	04	15
08	05	2
08	06	6
08	07	9
08	08	0
08	09	12
08	10	12
08	11	7
08	12	25
08	13	73
09	00	178
09	01	31
09	02	3
09	03	5
09	04	7
09	05	10
09	06	5
09	07	15
09	08	6
09	09	0
09	10	169
09	11	287
09	12	22
09	13	39
10	00	381
10	01	47
10	02	130
10	03	2556
10	04	33
10	05	4
10	06	5
10	07	9
10	08	9
10	09	5
10	10	0
10	11	96
10	12	69
10	13	79
11	00	117
11	01	33
11	02	31
11	03	29
11	04	13
11	05	4
11	06	4
11	07	3
11	08	1
11	09	3
11	10	4
11	11	0
11	12	22
11	13	31
12	00	32
12	01	91
12	02	3
12	03	1
12	04	5
12	05	2
12	06	3
12	07	5
12	08	3
12	09	3
12	10	4
12	11	8
12	12	0
12	13	26
13	00	6
13	01	7
13	02	0
13	03	0
13	04	0
13	05	0
13	06	0
13	07	0
13	08	0
13	09	0
13	10	0
13	11	0
13	12	0
13	13	0
