$O;D2
*From-time To-Time
23.0 24.0 
*factor
1
*
00	00	0
00	01	0
00	02	47
00	03	128
00	04	1
00	05	3
00	06	23
00	07	31
00	08	1
00	09	1
00	10	1
00	11	3
00	12	1
00	13	0
01	00	2
01	01	0
01	02	42
01	03	2
01	04	6
01	05	6
01	06	12
01	07	13
01	08	9
01	09	5
01	10	3
01	11	8
01	12	9
01	13	4
02	00	0
02	01	0
02	02	0
02	03	0
02	04	0
02	05	0
02	06	0
02	07	0
02	08	0
02	09	0
02	10	0
02	11	0
02	12	0
02	13	0
03	00	6
03	01	0
03	02	5
03	03	9
03	04	0
03	05	1
03	06	3
03	07	6
03	08	5
03	09	3
03	10	9
03	11	26
03	12	2
03	13	7
04	00	8
04	01	16
04	02	9
04	03	6
04	04	0
04	05	5
04	06	4
04	07	8
04	08	6
04	09	7
04	10	4
04	11	6
04	12	11
04	13	10
05	00	6
05	01	6
05	02	9
05	03	2
05	04	2
05	05	0
05	06	2
05	07	2
05	08	4
05	09	6
05	10	8
05	11	4
05	12	6
05	13	2
06	00	6
06	01	10
06	02	7
06	03	14
06	04	11
06	05	0
06	06	0
06	07	5
06	08	2
06	09	2
06	10	13
06	11	12
06	12	16
06	13	9
07	00	12
07	01	15
07	02	17
07	03	6
07	04	7
07	05	2
07	06	0
07	07	0
07	08	2
07	09	7
07	10	10
07	11	13
07	12	6
07	13	9
08	00	4
08	01	11
08	02	8
08	03	6
08	04	4
08	05	2
08	06	2
08	07	2
08	08	0
08	09	2
08	10	3
08	11	2
08	12	8
08	13	13
09	00	36
09	01	6
09	02	0
09	03	1
09	04	2
09	05	3
09	06	2
09	07	2
09	08	2
09	09	0
09	10	35
09	11	58
09	12	8
09	13	6
10	00	91
10	01	7
10	02	59
10	03	1116
10	04	4
10	05	1
10	06	2
10	07	1
10	08	1
10	09	2
10	10	0
10	11	26
10	12	15
10	13	12
11	00	35
11	01	8
11	02	8
11	03	7
11	04	2
11	05	1
11	06	1
11	07	0
11	08	0
11	09	1
11	10	2
11	11	0
11	12	7
11	13	7
12	00	7
12	01	18
12	02	0
12	03	0
12	04	1
12	05	0
12	06	0
12	07	1
12	08	0
12	09	2
12	10	2
12	11	1
12	12	0
12	13	5
13	00	2
13	01	2
13	02	0
13	03	0
13	04	0
13	05	0
13	06	0
13	07	0
13	08	0
13	09	0
13	10	0
13	11	0
13	12	0
13	13	0
