$O;D2
*From-time To-Time
23.0 24.0 
*factor
1
*
00	00	0
00	01	0
00	02	28
00	03	156
00	04	1
00	05	3
00	06	19
00	07	24
00	08	1
00	09	1
00	10	2
00	11	3
00	12	2
00	13	0
01	00	5
01	01	0
01	02	51
01	03	2
01	04	12
01	05	9
01	06	7
01	07	13
01	08	10
01	09	4
01	10	6
01	11	10
01	12	9
01	13	5
02	00	0
02	01	0
02	02	0
02	03	0
02	04	0
02	05	0
02	06	0
02	07	0
02	08	0
02	09	0
02	10	0
02	11	0
02	12	0
02	13	0
03	00	6
03	01	0
03	02	5
03	03	9
03	04	0
03	05	1
03	06	2
03	07	5
03	08	3
03	09	4
03	10	4
03	11	15
03	12	2
03	13	6
04	00	4
04	01	16
04	02	4
04	03	4
04	04	0
04	05	5
04	06	5
04	07	4
04	08	6
04	09	7
04	10	4
04	11	3
04	12	9
04	13	6
05	00	8
05	01	4
05	02	11
05	03	1
05	04	2
05	05	0
05	06	4
05	07	3
05	08	5
05	09	7
05	10	8
05	11	4
05	12	4
05	13	3
06	00	7
06	01	8
06	02	10
06	03	10
06	04	7
06	05	0
06	06	0
06	07	5
06	08	2
06	09	2
06	10	9
06	11	11
06	12	15
06	13	9
07	00	16
07	01	14
07	02	15
07	03	7
07	04	5
07	05	2
07	06	0
07	07	0
07	08	3
07	09	4
07	10	10
07	11	8
07	12	9
07	13	8
08	00	6
08	01	8
08	02	5
08	03	7
08	04	5
08	05	2
08	06	2
08	07	2
08	08	0
08	09	3
08	10	2
08	11	3
08	12	5
08	13	10
09	00	38
09	01	4
09	02	0
09	03	1
09	04	2
09	05	3
09	06	1
09	07	2
09	08	2
09	09	0
09	10	17
09	11	24
09	12	7
09	13	10
10	00	74
10	01	12
10	02	64
10	03	727
10	04	7
10	05	1
10	06	1
10	07	2
10	08	1
10	09	3
10	10	0
10	11	46
10	12	16
10	13	14
11	00	55
11	01	3
11	02	4
11	03	4
11	04	3
11	05	2
11	06	1
11	07	0
11	08	0
11	09	1
11	10	1
11	11	0
11	12	8
11	13	6
12	00	15
12	01	12
12	02	0
12	03	0
12	04	2
12	05	0
12	06	0
12	07	1
12	08	0
12	09	1
12	10	2
12	11	2
12	12	0
12	13	8
13	00	2
13	01	3
13	02	0
13	03	0
13	04	0
13	05	0
13	06	0
13	07	0
13	08	0
13	09	0
13	10	0
13	11	0
13	12	0
13	13	0
