$O;D2
*From-time To-Time
16.0 17.0 
*factor
1
*
00	00	0
00	01	3
00	02	182
00	03	575
00	04	7
00	05	9
00	06	131
00	07	93
00	08	7
00	09	7
00	10	5
00	11	10
00	12	4
00	13	2
01	00	24
01	01	0
01	02	99
01	03	5
01	04	56
01	05	18
01	06	65
01	07	41
01	08	47
01	09	36
01	10	21
01	11	47
01	12	45
01	13	37
02	00	0
02	01	0
02	02	0
02	03	0
02	04	0
02	05	0
02	06	0
02	07	0
02	08	0
02	09	0
02	10	0
02	11	0
02	12	0
02	13	0
03	00	23
03	01	0
03	02	13
03	03	98
03	04	0
03	05	7
03	06	10
03	07	28
03	08	21
03	09	34
03	10	20
03	11	74
03	12	8
03	13	14
04	00	45
04	01	62
04	02	51
04	03	23
04	04	0
04	05	15
04	06	14
04	07	41
04	08	32
04	09	37
04	10	33
04	11	17
04	12	31
04	13	34
05	00	29
05	01	21
05	02	50
05	03	5
05	04	11
05	05	0
05	06	18
05	07	14
05	08	16
05	09	30
05	10	17
05	11	49
05	12	30
05	13	8
06	00	49
06	01	68
06	02	52
06	03	101
06	04	38
06	05	0
06	06	0
06	07	9
06	08	7
06	09	9
06	10	43
06	11	61
06	12	80
06	13	46
07	00	102
07	01	62
07	02	92
07	03	52
07	04	33
07	05	15
07	06	1
07	07	0
07	08	15
07	09	40
07	10	42
07	11	48
07	12	77
07	13	45
08	00	12
08	01	28
08	02	16
08	03	24
08	04	13
08	05	3
08	06	4
08	07	5
08	08	0
08	09	7
08	10	8
08	11	8
08	12	21
08	13	30
09	00	176
09	01	32
09	02	2
09	03	4
09	04	5
09	05	10
09	06	7
09	07	9
09	08	4
09	09	0
09	10	245
09	11	166
09	12	32
09	13	50
10	00	243
10	01	57
10	02	268
10	03	5862
10	04	34
10	05	3
10	06	4
10	07	5
10	08	11
10	09	6
10	10	0
10	11	142
10	12	54
10	13	35
11	00	131
11	01	29
11	02	48
11	03	35
11	04	18
11	05	4
11	06	8
11	07	2
11	08	1
11	09	4
11	10	7
11	11	0
11	12	18
11	13	23
12	00	52
12	01	88
12	02	3
12	03	1
12	04	4
12	05	2
12	06	2
12	07	3
12	08	2
12	09	3
12	10	7
12	11	8
12	12	0
12	13	60
13	00	9
13	01	12
13	02	0
13	03	0
13	04	0
13	05	0
13	06	0
13	07	0
13	08	0
13	09	0
13	10	0
13	11	0
13	12	0
13	13	0
