$O;D2
*From-time To-Time
12.0 13.0 
*factor
1
*
00	00	0
00	01	2
00	02	117
00	03	436
00	04	3
00	05	5
00	06	128
00	07	96
00	08	3
00	09	5
00	10	2
00	11	6
00	12	3
00	13	2
01	00	15
01	01	0
01	02	167
01	03	5
01	04	41
01	05	14
01	06	25
01	07	39
01	08	15
01	09	23
01	10	17
01	11	36
01	12	30
01	13	18
02	00	0
02	01	0
02	02	0
02	03	0
02	04	0
02	05	0
02	06	0
02	07	0
02	08	0
02	09	0
02	10	0
02	11	0
02	12	0
02	13	0
03	00	25
03	01	0
03	02	21
03	03	56
03	04	0
03	05	3
03	06	9
03	07	12
03	08	13
03	09	20
03	10	28
03	11	126
03	12	11
03	13	15
04	00	25
04	01	63
04	02	24
04	03	31
04	04	0
04	05	10
04	06	12
04	07	19
04	08	20
04	09	45
04	10	11
04	11	11
04	12	33
04	13	27
05	00	36
05	01	9
05	02	40
05	03	4
05	04	9
05	05	0
05	06	14
05	07	5
05	08	13
05	09	10
05	10	21
05	11	15
05	12	18
05	13	9
06	00	21
06	01	28
06	02	21
06	03	42
06	04	24
06	05	0
06	06	0
06	07	7
06	08	11
06	09	4
06	10	21
06	11	41
06	12	40
06	13	16
07	00	44
07	01	32
07	02	47
07	03	33
07	04	18
07	05	9
07	06	1
07	07	0
07	08	6
07	09	32
07	10	20
07	11	36
07	12	24
07	13	13
08	00	17
08	01	29
08	02	9
08	03	27
08	04	9
08	05	2
08	06	5
08	07	3
08	08	0
08	09	7
08	10	4
08	11	4
08	12	19
08	13	25
09	00	156
09	01	25
09	02	2
09	03	4
09	04	3
09	05	4
09	06	5
09	07	7
09	08	3
09	09	0
09	10	130
09	11	213
09	12	21
09	13	33
10	00	207
10	01	32
10	02	121
10	03	2717
10	04	28
10	05	3
10	06	5
10	07	4
10	08	5
10	09	5
10	10	0
10	11	114
10	12	46
10	13	22
11	00	198
11	01	17
11	02	30
11	03	18
11	04	6
11	05	2
11	06	3
11	07	1
11	08	1
11	09	2
11	10	4
11	11	0
11	12	16
11	13	22
12	00	18
12	01	45
12	02	1
12	03	1
12	04	2
12	05	1
12	06	2
12	07	2
12	08	2
12	09	3
12	10	3
12	11	2
12	12	0
12	13	38
13	00	3
13	01	7
13	02	0
13	03	0
13	04	0
13	05	0
13	06	0
13	07	0
13	08	0
13	09	0
13	10	0
13	11	0
13	12	0
13	13	0
