$O;D2
*From-time To-Time
14.0 15.0 
*factor
1
*
00	00	0
00	01	2
00	02	165
00	03	541
00	04	4
00	05	7
00	06	139
00	07	101
00	08	4
00	09	4
00	10	2
00	11	8
00	12	3
00	13	1
01	00	16
01	01	0
01	02	89
01	03	5
01	04	29
01	05	21
01	06	33
01	07	30
01	08	29
01	09	15
01	10	12
01	11	32
01	12	24
01	13	18
02	00	0
02	01	0
02	02	0
02	03	0
02	04	0
02	05	0
02	06	0
02	07	0
02	08	0
02	09	0
02	10	0
02	11	0
02	12	0
02	13	0
03	00	21
03	01	0
03	02	13
03	03	35
03	04	0
03	05	5
03	06	7
03	07	30
03	08	8
03	09	14
03	10	12
03	11	77
03	12	10
03	13	25
04	00	22
04	01	66
04	02	20
04	03	13
04	04	0
04	05	22
04	06	12
04	07	35
04	08	10
04	09	26
04	10	10
04	11	21
04	12	21
04	13	22
05	00	20
05	01	10
05	02	20
05	03	4
05	04	7
05	05	0
05	06	13
05	07	12
05	08	7
05	09	26
05	10	13
05	11	24
05	12	30
05	13	7
06	00	12
06	01	26
06	02	17
06	03	67
06	04	13
06	05	0
06	06	0
06	07	8
06	08	9
06	09	7
06	10	38
06	11	26
06	12	22
06	13	24
07	00	34
07	01	51
07	02	33
07	03	15
07	04	24
07	05	9
07	06	1
07	07	0
07	08	5
07	09	35
07	10	30
07	11	42
07	12	27
07	13	32
08	00	13
08	01	26
08	02	15
08	03	13
08	04	10
08	05	3
08	06	6
08	07	8
08	08	0
08	09	9
08	10	3
08	11	6
08	12	24
08	13	17
09	00	141
09	01	30
09	02	3
09	03	2
09	04	3
09	05	5
09	06	3
09	07	10
09	08	4
09	09	0
09	10	123
09	11	88
09	12	24
09	13	30
10	00	261
10	01	42
10	02	109
10	03	3310
10	04	17
10	05	2
10	06	4
10	07	3
10	08	5
10	09	6
10	10	0
10	11	147
10	12	54
10	13	26
11	00	226
11	01	19
11	02	32
11	03	9
11	04	8
11	05	3
11	06	3
11	07	3
11	08	1
11	09	3
11	10	6
11	11	0
11	12	11
11	13	25
12	00	26
12	01	48
12	02	3
12	03	1
12	04	2
12	05	2
12	06	2
12	07	3
12	08	3
12	09	3
12	10	6
12	11	4
12	12	0
12	13	43
13	00	5
13	01	8
13	02	0
13	03	0
13	04	0
13	05	0
13	06	0
13	07	0
13	08	0
13	09	0
13	10	0
13	11	0
13	12	0
13	13	0
