$O;D2
*From-time To-Time
17.0 18.0 
*factor
1
*
00	00	0
00	01	2
00	02	169
00	03	581
00	04	5
00	05	8
00	06	169
00	07	120
00	08	6
00	09	7
00	10	3
00	11	10
00	12	3
00	13	1
01	00	17
01	01	0
01	02	191
01	03	6
01	04	45
01	05	31
01	06	52
01	07	67
01	08	38
01	09	31
01	10	20
01	11	40
01	12	37
01	13	29
02	00	0
02	01	0
02	02	0
02	03	0
02	04	0
02	05	0
02	06	0
02	07	0
02	08	0
02	09	0
02	10	0
02	11	0
02	12	0
02	13	0
03	00	36
03	01	0
03	02	24
03	03	72
03	04	0
03	05	6
03	06	9
03	07	35
03	08	21
03	09	26
03	10	31
03	11	139
03	12	14
03	13	27
04	00	35
04	01	70
04	02	35
04	03	37
04	04	0
04	05	23
04	06	14
04	07	35
04	08	27
04	09	50
04	10	24
04	11	26
04	12	37
04	13	40
05	00	46
05	01	24
05	02	50
05	03	7
05	04	9
05	05	0
05	06	16
05	07	14
05	08	16
05	09	28
05	10	26
05	11	36
05	12	35
05	13	12
06	00	35
06	01	50
06	02	40
06	03	76
06	04	37
06	05	0
06	06	0
06	07	14
06	08	12
06	09	7
06	10	50
06	11	52
06	12	58
06	13	35
07	00	81
07	01	52
07	02	78
07	03	37
07	04	24
07	05	12
07	06	1
07	07	0
07	08	12
07	09	35
07	10	46
07	11	58
07	12	52
07	13	37
08	00	23
08	01	36
08	02	27
08	03	37
08	04	14
08	05	3
08	06	6
08	07	7
08	08	0
08	09	10
08	10	8
08	11	9
08	12	27
08	13	50
09	00	232
09	01	37
09	02	2
09	03	5
09	04	6
09	05	8
09	06	6
09	07	10
09	08	5
09	09	0
09	10	174
09	11	250
09	12	27
09	13	37
10	00	349
10	01	60
10	02	232
10	03	4068
10	04	37
10	05	3
10	06	5
10	07	6
10	08	7
10	09	8
10	10	0
10	11	186
10	12	58
10	13	59
11	00	232
11	01	24
11	02	37
11	03	24
11	04	13
11	05	3
11	06	5
11	07	2
11	08	1
11	09	3
11	10	6
11	11	0
11	12	27
11	13	38
12	00	52
12	01	85
12	02	2
12	03	1
12	04	3
12	05	2
12	06	2
12	07	3
12	08	2
12	09	3
12	10	6
12	11	5
12	12	0
12	13	44
13	00	6
13	01	8
13	02	0
13	03	0
13	04	0
13	05	0
13	06	0
13	07	0
13	08	0
13	09	0
13	10	0
13	11	0
13	12	0
13	13	0
