$O;D2
*From-time To-Time
13.0 14.0 
*factor
1
*
00	00	0
00	01	2
00	02	125
00	03	183
00	04	4
00	05	4
00	06	54
00	07	82
00	08	5
00	09	4
00	10	2
00	11	7
00	12	2
00	13	2
01	00	7
01	01	0
01	02	134
01	03	5
01	04	36
01	05	15
01	06	46
01	07	29
01	08	25
01	09	18
01	10	10
01	11	13
01	12	25
01	13	17
02	00	0
02	01	0
02	02	0
02	03	0
02	04	0
02	05	0
02	06	0
02	07	0
02	08	0
02	09	0
02	10	0
02	11	0
02	12	0
02	13	0
03	00	15
03	01	0
03	02	18
03	03	51
03	04	0
03	05	6
03	06	4
03	07	24
03	08	19
03	09	16
03	10	19
03	11	120
03	12	10
03	13	23
04	00	17
04	01	55
04	02	18
04	03	28
04	04	0
04	05	11
04	06	8
04	07	22
04	08	12
04	09	23
04	10	19
04	11	14
04	12	30
04	13	24
05	00	37
05	01	19
05	02	20
05	03	5
05	04	6
05	05	0
05	06	14
05	07	11
05	08	13
05	09	19
05	10	19
05	11	22
05	12	17
05	13	9
06	00	14
06	01	39
06	02	32
06	03	60
06	04	28
06	05	0
06	06	0
06	07	13
06	08	8
06	09	4
06	10	45
06	11	33
06	12	25
06	13	24
07	00	73
07	01	34
07	02	56
07	03	21
07	04	15
07	05	8
07	06	2
07	07	0
07	08	9
07	09	19
07	10	36
07	11	25
07	12	33
07	13	32
08	00	21
08	01	15
08	02	23
08	03	17
08	04	10
08	05	3
08	06	6
08	07	4
08	08	0
08	09	6
08	10	5
08	11	6
08	12	19
08	13	46
09	00	171
09	01	31
09	02	2
09	03	4
09	04	4
09	05	6
09	06	5
09	07	9
09	08	3
09	09	0
09	10	153
09	11	225
09	12	12
09	13	20
10	00	187
10	01	55
10	02	168
10	03	3352
10	04	22
10	05	2
10	06	3
10	07	4
10	08	3
10	09	3
10	10	0
10	11	134
10	12	20
10	13	34
11	00	188
11	01	10
11	02	29
11	03	11
11	04	5
11	05	3
11	06	4
11	07	2
11	08	1
11	09	3
11	10	6
11	11	0
11	12	15
11	13	13
12	00	22
12	01	48
12	02	1
12	03	2
12	04	3
12	05	1
12	06	2
12	07	2
12	08	2
12	09	2
12	10	5
12	11	4
12	12	0
12	13	20
13	00	5
13	01	5
13	02	0
13	03	0
13	04	0
13	05	0
13	06	0
13	07	0
13	08	0
13	09	0
13	10	0
13	11	0
13	12	0
13	13	0
