$O;D2
*From-time To-Time
0.0 1.0 
*factor
1
*
00	00	0
00	01	0
00	02	10
00	03	39
00	04	0
00	05	2
00	06	13
00	07	9
00	08	2
00	09	2
00	10	0
00	11	1
00	12	0
00	13	0
01	00	3
01	01	0
01	02	16
01	03	2
01	04	4
01	05	4
01	06	4
01	07	5
01	08	3
01	09	3
01	10	2
01	11	6
01	12	5
01	13	4
02	00	0
02	01	0
02	02	0
02	03	0
02	04	0
02	05	0
02	06	0
02	07	0
02	08	0
02	09	0
02	10	0
02	11	0
02	12	0
02	13	0
03	00	2
03	01	0
03	02	2
03	03	5
03	04	0
03	05	1
03	06	2
03	07	5
03	08	2
03	09	2
03	10	5
03	11	16
03	12	2
03	13	2
04	00	3
04	01	5
04	02	3
04	03	4
04	04	0
04	05	2
04	06	2
04	07	4
04	08	3
04	09	7
04	10	2
04	11	3
04	12	2
04	13	6
05	00	3
05	01	2
05	02	7
05	03	2
05	04	2
05	05	0
05	06	2
05	07	2
05	08	3
05	09	3
05	10	2
05	11	5
05	12	5
05	13	2
06	00	3
06	01	7
06	02	3
06	03	4
06	04	3
06	05	0
06	06	0
06	07	1
06	08	2
06	09	1
06	10	8
06	11	7
06	12	8
06	13	4
07	00	6
07	01	5
07	02	6
07	03	4
07	04	3
07	05	2
07	06	0
07	07	0
07	08	2
07	09	5
07	10	4
07	11	6
07	12	4
07	13	2
08	00	3
08	01	4
08	02	2
08	03	5
08	04	2
08	05	0
08	06	1
08	07	2
08	08	0
08	09	1
08	10	1
08	11	1
08	12	3
08	13	4
09	00	17
09	01	2
09	02	0
09	03	0
09	04	2
09	05	2
09	06	1
09	07	1
09	08	0
09	09	0
09	10	19
09	11	13
09	12	3
09	13	4
10	00	25
10	01	5
10	02	13
10	03	256
10	04	5
10	05	0
10	06	0
10	07	2
10	08	2
10	09	1
10	10	0
10	11	10
10	12	5
10	13	4
11	00	26
11	01	2
11	02	3
11	03	2
11	04	1
11	05	0
11	06	0
11	07	0
11	08	0
11	09	0
11	10	2
11	11	0
11	12	3
11	13	5
12	00	7
12	01	10
12	02	0
12	03	0
12	04	0
12	05	0
12	06	0
12	07	0
12	08	0
12	09	0
12	10	1
12	11	0
12	12	0
12	13	6
13	00	2
13	01	2
13	02	0
13	03	0
13	04	0
13	05	0
13	06	0
13	07	0
13	08	0
13	09	0
13	10	0
13	11	0
13	12	0
13	13	0
