$O;D2
*From-time To-Time
16.0 17.0 
*factor
1
*
00	00	0
00	01	2
00	02	156
00	03	759
00	04	5
00	05	11
00	06	139
00	07	129
00	08	6
00	09	7
00	10	3
00	11	13
00	12	5
00	13	1
01	00	16
01	01	0
01	02	196
01	03	8
01	04	32
01	05	28
01	06	58
01	07	83
01	08	23
01	09	18
01	10	17
01	11	41
01	12	54
01	13	42
02	00	0
02	01	0
02	02	0
02	03	0
02	04	0
02	05	0
02	06	0
02	07	0
02	08	0
02	09	0
02	10	0
02	11	0
02	12	0
02	13	0
03	00	45
03	01	0
03	02	14
03	03	45
03	04	0
03	05	7
03	06	11
03	07	21
03	08	24
03	09	18
03	10	28
03	11	200
03	12	16
03	13	26
04	00	47
04	01	72
04	02	21
04	03	21
04	04	0
04	05	32
04	06	14
04	07	51
04	08	20
04	09	70
04	10	32
04	11	33
04	12	20
04	13	26
05	00	43
05	01	18
05	02	73
05	03	8
05	04	7
05	05	0
05	06	18
05	07	9
05	08	9
05	09	25
05	10	38
05	11	39
05	12	42
05	13	6
06	00	37
06	01	43
06	02	41
06	03	56
06	04	32
06	05	0
06	06	0
06	07	15
06	08	8
06	09	5
06	10	69
06	11	60
06	12	33
06	13	33
07	00	65
07	01	62
07	02	42
07	03	33
07	04	32
07	05	8
07	06	1
07	07	0
07	08	16
07	09	25
07	10	26
07	11	85
07	12	77
07	13	53
08	00	13
08	01	32
08	02	28
08	03	29
08	04	18
08	05	3
08	06	4
08	07	11
08	08	0
08	09	7
08	10	8
08	11	11
08	12	38
08	13	71
09	00	139
09	01	50
09	02	2
09	03	4
09	04	6
09	05	10
09	06	5
09	07	6
09	08	8
09	09	0
09	10	166
09	11	161
09	12	26
09	13	19
10	00	391
10	01	82
10	02	145
10	03	2823
10	04	19
10	05	2
10	06	6
10	07	7
10	08	5
10	09	9
10	10	0
10	11	235
10	12	62
10	13	75
11	00	182
11	01	29
11	02	51
11	03	28
11	04	12
11	05	4
11	06	4
11	07	2
11	08	1
11	09	4
11	10	6
11	11	0
11	12	21
11	13	26
12	00	57
12	01	56
12	02	2
12	03	2
12	04	3
12	05	3
12	06	2
12	07	3
12	08	2
12	09	3
12	10	7
12	11	7
12	12	0
12	13	36
13	00	5
13	01	8
13	02	0
13	03	0
13	04	0
13	05	0
13	06	0
13	07	0
13	08	0
13	09	0
13	10	0
13	11	0
13	12	0
13	13	0
