$O;D2
*From-time To-Time
9.0 10.0 
*factor
1
*
00	00	0
00	01	1
00	02	102
00	03	351
00	04	3
00	05	5
00	06	102
00	07	72
00	08	4
00	09	4
00	10	2
00	11	6
00	12	2
00	13	1
01	00	11
01	01	0
01	02	115
01	03	4
01	04	27
01	05	19
01	06	32
01	07	41
01	08	23
01	09	19
01	10	12
01	11	24
01	12	22
01	13	18
02	00	0
02	01	0
02	02	0
02	03	0
02	04	0
02	05	0
02	06	0
02	07	0
02	08	0
02	09	0
02	10	0
02	11	0
02	12	0
02	13	0
03	00	22
03	01	0
03	02	15
03	03	44
03	04	0
03	05	4
03	06	6
03	07	21
03	08	13
03	09	15
03	10	19
03	11	84
03	12	8
03	13	16
04	00	21
04	01	42
04	02	21
04	03	22
04	04	0
04	05	14
04	06	8
04	07	21
04	08	16
04	09	30
04	10	15
04	11	15
04	12	22
04	13	24
05	00	28
05	01	15
05	02	30
05	03	4
05	04	6
05	05	0
05	06	10
05	07	8
05	08	10
05	09	17
05	10	15
05	11	22
05	12	21
05	13	7
06	00	21
06	01	30
06	02	24
06	03	46
06	04	22
06	05	0
06	06	0
06	07	8
06	08	7
06	09	4
06	10	30
06	11	32
06	12	35
06	13	21
07	00	49
07	01	32
07	02	47
07	03	22
07	04	15
07	05	7
07	06	1
07	07	0
07	08	7
07	09	21
07	10	28
07	11	35
07	12	32
07	13	22
08	00	14
08	01	22
08	02	16
08	03	22
08	04	8
08	05	2
08	06	4
08	07	4
08	08	0
08	09	6
08	10	5
08	11	6
08	12	16
08	13	30
09	00	141
09	01	22
09	02	1
09	03	3
09	04	4
09	05	5
09	06	4
09	07	6
09	08	3
09	09	0
09	10	105
09	11	151
09	12	16
09	13	22
10	00	211
10	01	37
10	02	141
10	03	2459
10	04	22
10	05	2
10	06	3
10	07	4
10	08	4
10	09	5
10	10	0
10	11	112
10	12	35
10	13	36
11	00	141
11	01	15
11	02	22
11	03	15
11	04	8
11	05	2
11	06	3
11	07	1
11	08	1
11	09	2
11	10	4
11	11	0
11	12	16
11	13	23
12	00	32
12	01	51
12	02	1
12	03	1
12	04	2
12	05	1
12	06	1
12	07	2
12	08	1
12	09	2
12	10	4
12	11	3
12	12	0
12	13	27
13	00	4
13	01	5
13	02	0
13	03	0
13	04	0
13	05	0
13	06	0
13	07	0
13	08	0
13	09	0
13	10	0
13	11	0
13	12	0
13	13	0
