$O;D2
*From-time To-Time
8.0 9.0 
*factor
1
*
00	00	0
00	01	3
00	02	148
00	03	366
00	04	3
00	05	8
00	06	89
00	07	125
00	08	5
00	09	6
00	10	4
00	11	5
00	12	4
00	13	1
01	00	17
01	01	0
01	02	122
01	03	5
01	04	41
01	05	23
01	06	53
01	07	62
01	08	35
01	09	28
01	10	9
01	11	37
01	12	32
01	13	17
02	00	0
02	01	0
02	02	0
02	03	0
02	04	0
02	05	0
02	06	0
02	07	0
02	08	0
02	09	0
02	10	0
02	11	0
02	12	0
02	13	0
03	00	39
03	01	0
03	02	27
03	03	29
03	04	0
03	05	6
03	06	6
03	07	37
03	08	17
03	09	30
03	10	27
03	11	56
03	12	16
03	13	13
04	00	31
04	01	51
04	02	22
04	03	16
04	04	0
04	05	24
04	06	10
04	07	29
04	08	13
04	09	25
04	10	23
04	11	23
04	12	43
04	13	42
05	00	21
05	01	22
05	02	48
05	03	8
05	04	6
05	05	0
05	06	13
05	07	12
05	08	15
05	09	14
05	10	20
05	11	36
05	12	25
05	13	10
06	00	37
06	01	41
06	02	28
06	03	77
06	04	35
06	05	0
06	06	0
06	07	15
06	08	13
06	09	7
06	10	43
06	11	44
06	12	26
06	13	35
07	00	56
07	01	43
07	02	75
07	03	38
07	04	21
07	05	10
07	06	2
07	07	0
07	08	10
07	09	35
07	10	42
07	11	63
07	12	51
07	13	25
08	00	24
08	01	23
08	02	13
08	03	15
08	04	9
08	05	3
08	06	3
08	07	6
08	08	0
08	09	6
08	10	8
08	11	9
08	12	19
08	13	42
09	00	185
09	01	23
09	02	3
09	03	3
09	04	4
09	05	7
09	06	3
09	07	6
09	08	4
09	09	0
09	10	134
09	11	269
09	12	23
09	13	29
10	00	333
10	01	66
10	02	237
10	03	3068
10	04	43
10	05	3
10	06	6
10	07	5
10	08	8
10	09	6
10	10	0
10	11	164
10	12	66
10	13	45
11	00	137
11	01	10
11	02	27
11	03	15
11	04	13
11	05	2
11	06	3
11	07	3
11	08	2
11	09	5
11	10	6
11	11	0
11	12	28
11	13	38
12	00	28
12	01	56
12	02	3
12	03	2
12	04	3
12	05	2
12	06	2
12	07	2
12	08	2
12	09	3
12	10	3
12	11	6
12	12	0
12	13	18
13	00	5
13	01	4
13	02	0
13	03	0
13	04	0
13	05	0
13	06	0
13	07	0
13	08	0
13	09	0
13	10	0
13	11	0
13	12	0
13	13	0
