$O;D2
*From-time To-Time
21.0 22.0 
*factor
1
*
00	00	0
00	01	1
00	02	64
00	03	185
00	04	2
00	05	5
00	06	34
00	07	41
00	08	3
00	09	2
00	10	1
00	11	6
00	12	2
00	13	0
01	00	9
01	01	0
01	02	63
01	03	3
01	04	15
01	05	12
01	06	14
01	07	29
01	08	7
01	09	9
01	10	9
01	11	12
01	12	13
01	13	12
02	00	0
02	01	0
02	02	0
02	03	0
02	04	0
02	05	0
02	06	0
02	07	0
02	08	0
02	09	0
02	10	0
02	11	0
02	12	0
02	13	0
03	00	8
03	01	0
03	02	6
03	03	15
03	04	0
03	05	2
03	06	2
03	07	12
03	08	6
03	09	11
03	10	6
03	11	53
03	12	5
03	13	11
04	00	8
04	01	29
04	02	18
04	03	8
04	04	0
04	05	5
04	06	6
04	07	18
04	08	14
04	09	20
04	10	13
04	11	8
04	12	17
04	13	11
05	00	15
05	01	12
05	02	20
05	03	2
05	04	3
05	05	0
05	06	5
05	07	5
05	08	8
05	09	11
05	10	11
05	11	13
05	12	18
05	13	5
06	00	14
06	01	21
06	02	10
06	03	26
06	04	10
06	05	0
06	06	0
06	07	6
06	08	4
06	09	2
06	10	13
06	11	26
06	12	12
06	13	16
07	00	18
07	01	25
07	02	16
07	03	20
07	04	9
07	05	6
07	06	0
07	07	0
07	08	4
07	09	17
07	10	10
07	11	15
07	12	16
07	13	8
08	00	8
08	01	14
08	02	8
08	03	8
08	04	6
08	05	2
08	06	3
08	07	2
08	08	0
08	09	3
08	10	2
08	11	4
08	12	6
08	13	25
09	00	68
09	01	18
09	02	2
09	03	3
09	04	2
09	05	2
09	06	3
09	07	5
09	08	2
09	09	0
09	10	84
09	11	126
09	12	11
09	13	9
10	00	74
10	01	21
10	02	56
10	03	1419
10	04	7
10	05	2
10	06	3
10	07	3
10	08	3
10	09	2
10	10	0
10	11	97
10	12	23
10	13	14
11	00	109
11	01	6
11	02	18
11	03	6
11	04	3
11	05	1
11	06	3
11	07	1
11	08	0
11	09	2
11	10	2
11	11	0
11	12	9
11	13	14
12	00	13
12	01	27
12	02	1
12	03	0
12	04	2
12	05	1
12	06	1
12	07	2
12	08	2
12	09	2
12	10	2
12	11	3
12	12	0
12	13	19
13	00	2
13	01	4
13	02	0
13	03	0
13	04	0
13	05	0
13	06	0
13	07	0
13	08	0
13	09	0
13	10	0
13	11	0
13	12	0
13	13	0
