$O;D2
*From-time To-Time
12.0 13.0 
*factor
1
*
00	00	0
00	01	2
00	02	95
00	03	233
00	04	4
00	05	8
00	06	69
00	07	74
00	08	4
00	09	4
00	10	3
00	11	5
00	12	3
00	13	1
01	00	12
01	01	0
01	02	166
01	03	4
01	04	21
01	05	27
01	06	43
01	07	53
01	08	16
01	09	26
01	10	13
01	11	32
01	12	12
01	13	25
02	00	0
02	01	0
02	02	0
02	03	0
02	04	0
02	05	0
02	06	0
02	07	0
02	08	0
02	09	0
02	10	0
02	11	0
02	12	0
02	13	0
03	00	21
03	01	0
03	02	18
03	03	61
03	04	0
03	05	6
03	06	9
03	07	12
03	08	10
03	09	10
03	10	13
03	11	74
03	12	12
03	13	14
04	00	30
04	01	36
04	02	19
04	03	17
04	04	0
04	05	14
04	06	8
04	07	28
04	08	10
04	09	38
04	10	16
04	11	21
04	12	13
04	13	35
05	00	42
05	01	13
05	02	35
05	03	4
05	04	7
05	05	0
05	06	10
05	07	12
05	08	7
05	09	19
05	10	9
05	11	20
05	12	28
05	13	8
06	00	31
06	01	23
06	02	35
06	03	31
06	04	28
06	05	0
06	06	0
06	07	10
06	08	5
06	09	4
06	10	41
06	11	43
06	12	21
06	13	30
07	00	44
07	01	43
07	02	24
07	03	24
07	04	16
07	05	9
07	06	2
07	07	0
07	08	6
07	09	13
07	10	40
07	11	29
07	12	31
07	13	26
08	00	11
08	01	25
08	02	13
08	03	18
08	04	10
08	05	2
08	06	5
08	07	5
08	08	0
08	09	9
08	10	4
08	11	7
08	12	21
08	13	31
09	00	183
09	01	24
09	02	2
09	03	2
09	04	3
09	05	5
09	06	5
09	07	9
09	08	3
09	09	0
09	10	62
09	11	112
09	12	9
09	13	22
10	00	252
10	01	28
10	02	119
10	03	2349
10	04	29
10	05	2
10	06	3
10	07	3
10	08	4
10	09	4
10	10	0
10	11	83
10	12	52
10	13	37
11	00	159
11	01	8
11	02	33
11	03	21
11	04	5
11	05	2
11	06	4
11	07	1
11	08	1
11	09	2
11	10	3
11	11	0
11	12	24
11	13	22
12	00	42
12	01	44
12	02	1
12	03	2
12	04	2
12	05	1
12	06	1
12	07	2
12	08	1
12	09	3
12	10	6
12	11	2
12	12	0
12	13	28
13	00	3
13	01	6
13	02	0
13	03	0
13	04	0
13	05	0
13	06	0
13	07	0
13	08	0
13	09	0
13	10	0
13	11	0
13	12	0
13	13	0
