$O;D2
*From-time To-Time
18.0 19.0 
*factor
1
*
00	00	0
00	01	3
00	02	151
00	03	669
00	04	6
00	05	10
00	06	80
00	07	101
00	08	8
00	09	7
00	10	3
00	11	14
00	12	4
00	13	1
01	00	8
01	01	0
01	02	92
01	03	6
01	04	27
01	05	21
01	06	57
01	07	71
01	08	33
01	09	34
01	10	15
01	11	21
01	12	31
01	13	38
02	00	0
02	01	0
02	02	0
02	03	0
02	04	0
02	05	0
02	06	0
02	07	0
02	08	0
02	09	0
02	10	0
02	11	0
02	12	0
02	13	0
03	00	41
03	01	0
03	02	17
03	03	34
03	04	0
03	05	6
03	06	6
03	07	28
03	08	24
03	09	25
03	10	17
03	11	112
03	12	12
03	13	24
04	00	25
04	01	62
04	02	23
04	03	20
04	04	0
04	05	15
04	06	14
04	07	39
04	08	31
04	09	23
04	10	26
04	11	30
04	12	21
04	13	24
05	00	30
05	01	15
05	02	54
05	03	5
05	04	10
05	05	0
05	06	20
05	07	13
05	08	12
05	09	28
05	10	23
05	11	33
05	12	42
05	13	10
06	00	28
06	01	58
06	02	37
06	03	93
06	04	46
06	05	0
06	06	0
06	07	8
06	08	6
06	09	6
06	10	58
06	11	55
06	12	56
06	13	31
07	00	100
07	01	27
07	02	56
07	03	41
07	04	29
07	05	8
07	06	2
07	07	0
07	08	6
07	09	19
07	10	36
07	11	71
07	12	66
07	13	17
08	00	29
08	01	41
08	02	33
08	03	41
08	04	7
08	05	3
08	06	4
08	07	6
08	08	0
08	09	7
08	10	9
08	11	5
08	12	14
08	13	44
09	00	116
09	01	19
09	02	3
09	03	6
09	04	4
09	05	10
09	06	6
09	07	7
09	08	3
09	09	0
09	10	154
09	11	319
09	12	16
09	13	25
10	00	375
10	01	48
10	02	232
10	03	3123
10	04	20
10	05	4
10	06	6
10	07	5
10	08	8
10	09	8
10	10	0
10	11	130
10	12	64
10	13	58
11	00	104
11	01	17
11	02	45
11	03	31
11	04	6
11	05	5
11	06	6
11	07	3
11	08	2
11	09	3
11	10	4
11	11	0
11	12	16
11	13	26
12	00	24
12	01	107
12	02	3
12	03	2
12	04	4
12	05	2
12	06	3
12	07	4
12	08	3
12	09	3
12	10	8
12	11	4
12	12	0
12	13	32
13	00	5
13	01	9
13	02	0
13	03	0
13	04	0
13	05	0
13	06	0
13	07	0
13	08	0
13	09	0
13	10	0
13	11	0
13	12	0
13	13	0
