$O;D2
*From-time To-Time
0.0 1.0 
*factor
1
*
00	00	0
00	01	0
00	02	20
00	03	71
00	04	0
00	05	2
00	06	17
00	07	11
00	08	2
00	09	2
00	10	0
00	11	1
00	12	0
00	13	0
01	00	2
01	01	0
01	02	21
01	03	1
01	04	4
01	05	3
01	06	4
01	07	7
01	08	3
01	09	2
01	10	3
01	11	6
01	12	4
01	13	4
02	00	0
02	01	0
02	02	0
02	03	0
02	04	0
02	05	0
02	06	0
02	07	0
02	08	0
02	09	0
02	10	0
02	11	0
02	12	0
02	13	0
03	00	4
03	01	0
03	02	3
03	03	10
03	04	0
03	05	2
03	06	1
03	07	4
03	08	3
03	09	3
03	10	3
03	11	14
03	12	2
03	13	3
04	00	4
04	01	6
04	02	2
04	03	5
04	04	0
04	05	3
04	06	1
04	07	2
04	08	3
04	09	7
04	10	2
04	11	2
04	12	5
04	13	5
05	00	5
05	01	2
05	02	6
05	03	2
05	04	2
05	05	0
05	06	3
05	07	1
05	08	2
05	09	4
05	10	2
05	11	4
05	12	3
05	13	1
06	00	4
06	01	5
06	02	6
06	03	8
06	04	3
06	05	0
06	06	0
06	07	2
06	08	1
06	09	2
06	10	5
06	11	5
06	12	6
06	13	5
07	00	9
07	01	8
07	02	7
07	03	2
07	04	3
07	05	2
07	06	0
07	07	0
07	08	1
07	09	2
07	10	3
07	11	3
07	12	3
07	13	3
08	00	3
08	01	5
08	02	2
08	03	2
08	04	2
08	05	0
08	06	2
08	07	2
08	08	0
08	09	1
08	10	1
08	11	2
08	12	3
08	13	5
09	00	16
09	01	3
09	02	0
09	03	0
09	04	2
09	05	1
09	06	2
09	07	1
09	08	0
09	09	0
09	10	19
09	11	34
09	12	3
09	13	4
10	00	17
10	01	6
10	02	32
10	03	476
10	04	5
10	05	0
10	06	0
10	07	2
10	08	1
10	09	1
10	10	0
10	11	13
10	12	6
10	13	4
11	00	31
11	01	2
11	02	4
11	03	2
11	04	2
11	05	0
11	06	0
11	07	0
11	08	0
11	09	0
11	10	1
11	11	0
11	12	3
11	13	3
12	00	5
12	01	12
12	02	0
12	03	0
12	04	0
12	05	0
12	06	0
12	07	0
12	08	0
12	09	0
12	10	2
12	11	0
12	12	0
12	13	4
13	00	2
13	01	2
13	02	0
13	03	0
13	04	0
13	05	0
13	06	0
13	07	0
13	08	0
13	09	0
13	10	0
13	11	0
13	12	0
13	13	0
