$O;D2
*From-time To-Time
19.0 20.0 
*factor
1
*
00	00	0
00	01	1
00	02	106
00	03	269
00	04	2
00	05	6
00	06	68
00	07	40
00	08	5
00	09	4
00	10	3
00	11	6
00	12	3
00	13	1
01	00	11
01	01	0
01	02	130
01	03	4
01	04	29
01	05	19
01	06	42
01	07	46
01	08	13
01	09	14
01	10	9
01	11	31
01	12	13
01	13	15
02	00	0
02	01	0
02	02	0
02	03	0
02	04	0
02	05	0
02	06	0
02	07	0
02	08	0
02	09	0
02	10	0
02	11	0
02	12	0
02	13	0
03	00	24
03	01	0
03	02	18
03	03	37
03	04	0
03	05	3
03	06	4
03	07	18
03	08	9
03	09	20
03	10	15
03	11	64
03	12	12
03	13	17
04	00	18
04	01	41
04	02	14
04	03	24
04	04	0
04	05	15
04	06	11
04	07	27
04	08	12
04	09	42
04	10	18
04	11	12
04	12	18
04	13	33
05	00	15
05	01	12
05	02	44
05	03	3
05	04	5
05	05	0
05	06	10
05	07	9
05	08	10
05	09	10
05	10	16
05	11	22
05	12	17
05	13	7
06	00	12
06	01	34
06	02	26
06	03	59
06	04	13
06	05	0
06	06	0
06	07	7
06	08	7
06	09	6
06	10	27
06	11	33
06	12	41
06	13	12
07	00	53
07	01	25
07	02	37
07	03	23
07	04	11
07	05	4
07	06	2
07	07	0
07	08	8
07	09	13
07	10	31
07	11	20
07	12	22
07	13	23
08	00	15
08	01	28
08	02	12
08	03	13
08	04	6
08	05	3
08	06	4
08	07	5
08	08	0
08	09	8
08	10	4
08	11	8
08	12	22
08	13	16
09	00	154
09	01	27
09	02	2
09	03	3
09	04	2
09	05	7
09	06	5
09	07	9
09	08	2
09	09	0
09	10	128
09	11	138
09	12	19
09	13	15
10	00	147
10	01	50
10	02	177
10	03	1847
10	04	13
10	05	2
10	06	4
10	07	4
10	08	4
10	09	4
10	10	0
10	11	86
10	12	51
10	13	31
11	00	99
11	01	18
11	02	25
11	03	17
11	04	5
11	05	3
11	06	3
11	07	1
11	08	1
11	09	2
11	10	3
11	11	0
11	12	13
11	13	33
12	00	42
12	01	53
12	02	1
12	03	2
12	04	2
12	05	2
12	06	1
12	07	3
12	08	2
12	09	2
12	10	4
12	11	3
12	12	0
12	13	29
13	00	3
13	01	4
13	02	0
13	03	0
13	04	0
13	05	0
13	06	0
13	07	0
13	08	0
13	09	0
13	10	0
13	11	0
13	12	0
13	13	0
