$O;D2
*From-time To-Time
15.0 16.0 
*factor
1
*
00	00	0
00	01	3
00	02	82
00	03	467
00	04	6
00	05	6
00	06	119
00	07	61
00	08	6
00	09	4
00	10	3
00	11	10
00	12	3
00	13	1
01	00	9
01	01	0
01	02	142
01	03	7
01	04	42
01	05	24
01	06	32
01	07	31
01	08	22
01	09	18
01	10	18
01	11	37
01	12	38
01	13	12
02	00	0
02	01	0
02	02	0
02	03	0
02	04	0
02	05	0
02	06	0
02	07	0
02	08	0
02	09	0
02	10	0
02	11	0
02	12	0
02	13	0
03	00	23
03	01	0
03	02	20
03	03	75
03	04	0
03	05	3
03	06	8
03	07	39
03	08	22
03	09	22
03	10	22
03	11	69
03	12	7
03	13	26
04	00	15
04	01	42
04	02	36
04	03	23
04	04	0
04	05	26
04	06	10
04	07	18
04	08	11
04	09	21
04	10	23
04	11	17
04	12	39
04	13	37
05	00	31
05	01	11
05	02	33
05	03	5
05	04	5
05	05	0
05	06	12
05	07	14
05	08	13
05	09	25
05	10	20
05	11	18
05	12	34
05	13	10
06	00	37
06	01	40
06	02	38
06	03	81
06	04	29
06	05	0
06	06	0
06	07	13
06	08	11
06	09	7
06	10	22
06	11	30
06	12	64
06	13	22
07	00	86
07	01	57
07	02	84
07	03	23
07	04	17
07	05	12
07	06	2
07	07	0
07	08	13
07	09	40
07	10	21
07	11	44
07	12	32
07	13	35
08	00	25
08	01	16
08	02	13
08	03	20
08	04	16
08	05	5
08	06	8
08	07	7
08	08	0
08	09	9
08	10	9
08	11	8
08	12	11
08	13	37
09	00	215
09	01	23
09	02	3
09	03	4
09	04	8
09	05	8
09	06	4
09	07	6
09	08	5
09	09	0
09	10	183
09	11	229
09	12	15
09	13	16
10	00	144
10	01	69
10	02	229
10	03	1970
10	04	25
10	05	5
10	06	6
10	07	6
10	08	6
10	09	7
10	10	0
10	11	214
10	12	24
10	13	62
11	00	163
11	01	14
11	02	31
11	03	11
11	04	13
11	05	3
11	06	3
11	07	2
11	08	2
11	09	3
11	10	8
11	11	0
11	12	15
11	13	16
12	00	45
12	01	72
12	02	2
12	03	2
12	04	2
12	05	2
12	06	3
12	07	4
12	08	3
12	09	3
12	10	7
12	11	3
12	12	0
12	13	47
13	00	8
13	01	9
13	02	0
13	03	0
13	04	0
13	05	0
13	06	0
13	07	0
13	08	0
13	09	0
13	10	0
13	11	0
13	12	0
13	13	0
