$O;D2
*From-time To-Time
21.0 22.0 
*factor
1
*
00	00	0
00	01	1
00	02	64
00	03	127
00	04	3
00	05	3
00	06	32
00	07	37
00	08	3
00	09	3
00	10	1
00	11	5
00	12	2
00	13	0
01	00	8
01	01	0
01	02	64
01	03	2
01	04	14
01	05	17
01	06	15
01	07	18
01	08	11
01	09	12
01	10	8
01	11	19
01	12	14
01	13	8
02	00	0
02	01	0
02	02	0
02	03	0
02	04	0
02	05	0
02	06	0
02	07	0
02	08	0
02	09	0
02	10	0
02	11	0
02	12	0
02	13	0
03	00	17
03	01	0
03	02	7
03	03	20
03	04	0
03	05	3
03	06	3
03	07	10
03	08	6
03	09	8
03	10	8
03	11	32
03	12	4
03	13	14
04	00	13
04	01	20
04	02	18
04	03	14
04	04	0
04	05	11
04	06	4
04	07	10
04	08	6
04	09	25
04	10	5
04	11	13
04	12	8
04	13	13
05	00	10
05	01	13
05	02	16
05	03	2
05	04	2
05	05	0
05	06	6
05	07	6
05	08	4
05	09	11
05	10	7
05	11	14
05	12	10
05	13	5
06	00	15
06	01	13
06	02	21
06	03	35
06	04	19
06	05	0
06	06	0
06	07	8
06	08	3
06	09	3
06	10	20
06	11	21
06	12	30
06	13	15
07	00	15
07	01	12
07	02	16
07	03	16
07	04	12
07	05	4
07	06	0
07	07	0
07	08	5
07	09	18
07	10	15
07	11	30
07	12	25
07	13	11
08	00	9
08	01	16
08	02	10
08	03	9
08	04	5
08	05	1
08	06	2
08	07	2
08	08	0
08	09	3
08	10	5
08	11	4
08	12	14
08	13	13
09	00	98
09	01	13
09	02	2
09	03	3
09	04	3
09	05	3
09	06	2
09	07	3
09	08	3
09	09	0
09	10	82
09	11	80
09	12	9
09	13	15
10	00	101
10	01	24
10	02	108
10	03	882
10	04	8
10	05	2
10	06	3
10	07	2
10	08	2
10	09	3
10	10	0
10	11	87
10	12	11
10	13	26
11	00	80
11	01	9
11	02	12
11	03	5
11	04	6
11	05	1
11	06	3
11	07	1
11	08	0
11	09	2
11	10	2
11	11	0
11	12	10
11	13	17
12	00	15
12	01	44
12	02	1
12	03	0
12	04	1
12	05	2
12	06	2
12	07	1
12	08	1
12	09	1
12	10	2
12	11	3
12	12	0
12	13	21
13	00	2
13	01	4
13	02	0
13	03	0
13	04	0
13	05	0
13	06	0
13	07	0
13	08	0
13	09	0
13	10	0
13	11	0
13	12	0
13	13	0
