$O;D2
*From-time To-Time
8.0 9.0 
*factor
1
*
00	00	0
00	01	2
00	02	144
00	03	364
00	04	4
00	05	6
00	06	183
00	07	68
00	08	3
00	09	7
00	10	3
00	11	9
00	12	4
00	13	1
01	00	8
01	01	0
01	02	89
01	03	5
01	04	37
01	05	33
01	06	22
01	07	30
01	08	17
01	09	36
01	10	10
01	11	28
01	12	36
01	13	17
02	00	0
02	01	0
02	02	0
02	03	0
02	04	0
02	05	0
02	06	0
02	07	0
02	08	0
02	09	0
02	10	0
02	11	0
02	12	0
02	13	0
03	00	24
03	01	0
03	02	27
03	03	71
03	04	0
03	05	3
03	06	7
03	07	16
03	08	9
03	09	20
03	10	17
03	11	131
03	12	12
03	13	25
04	00	17
04	01	62
04	02	14
04	03	23
04	04	0
04	05	20
04	06	15
04	07	32
04	08	23
04	09	40
04	10	12
04	11	26
04	12	44
04	13	22
05	00	50
05	01	24
05	02	22
05	03	4
05	04	7
05	05	0
05	06	15
05	07	13
05	08	8
05	09	14
05	10	15
05	11	17
05	12	24
05	13	10
06	00	39
06	01	55
06	02	17
06	03	59
06	04	16
06	05	0
06	06	0
06	07	6
06	08	7
06	09	7
06	10	52
06	11	54
06	12	48
06	13	37
07	00	72
07	01	53
07	02	90
07	03	30
07	04	26
07	05	6
07	06	1
07	07	0
07	08	6
07	09	23
07	10	21
07	11	30
07	12	57
07	13	24
08	00	13
08	01	25
08	02	19
08	03	33
08	04	12
08	05	4
08	06	5
08	07	7
08	08	0
08	09	7
08	10	7
08	11	9
08	12	22
08	13	21
09	00	218
09	01	22
09	02	3
09	03	4
09	04	5
09	05	4
09	06	4
09	07	11
09	08	4
09	09	0
09	10	140
09	11	108
09	12	31
09	13	21
10	00	366
10	01	42
10	02	178
10	03	3773
10	04	31
10	05	3
10	06	5
10	07	3
10	08	5
10	09	6
10	10	0
10	11	135
10	12	50
10	13	25
11	00	126
11	01	25
11	02	20
11	03	12
11	04	8
11	05	5
11	06	4
11	07	3
11	08	1
11	09	2
11	10	3
11	11	0
11	12	32
11	13	42
12	00	31
12	01	55
12	02	2
12	03	2
12	04	5
12	05	3
12	06	3
12	07	3
12	08	3
12	09	5
12	10	4
12	11	5
12	12	0
12	13	27
13	00	4
13	01	6
13	02	0
13	03	0
13	04	0
13	05	0
13	06	0
13	07	0
13	08	0
13	09	0
13	10	0
13	11	0
13	12	0
13	13	0
