$O;D2
*From-time To-Time
19.0 20.0 
*factor
1
*
00	00	0
00	01	2
00	02	81
00	03	474
00	04	3
00	05	5
00	06	90
00	07	45
00	08	4
00	09	4
00	10	3
00	11	5
00	12	3
00	13	2
01	00	13
01	01	0
01	02	117
01	03	5
01	04	26
01	05	17
01	06	33
01	07	32
01	08	27
01	09	26
01	10	13
01	11	25
01	12	15
01	13	18
02	00	0
02	01	0
02	02	0
02	03	0
02	04	0
02	05	0
02	06	0
02	07	0
02	08	0
02	09	0
02	10	0
02	11	0
02	12	0
02	13	0
03	00	25
03	01	0
03	02	21
03	03	55
03	04	0
03	05	3
03	06	4
03	07	21
03	08	16
03	09	16
03	10	26
03	11	63
03	12	8
03	13	11
04	00	17
04	01	47
04	02	29
04	03	33
04	04	0
04	05	18
04	06	6
04	07	12
04	08	14
04	09	41
04	10	21
04	11	9
04	12	25
04	13	17
05	00	24
05	01	9
05	02	35
05	03	4
05	04	3
05	05	0
05	06	7
05	07	10
05	08	10
05	09	15
05	10	21
05	11	25
05	12	26
05	13	6
06	00	14
06	01	39
06	02	32
06	03	28
06	04	16
06	05	0
06	06	0
06	07	7
06	08	5
06	09	3
06	10	15
06	11	35
06	12	42
06	13	21
07	00	66
07	01	37
07	02	34
07	03	28
07	04	10
07	05	7
07	06	2
07	07	0
07	08	6
07	09	23
07	10	15
07	11	28
07	12	27
07	13	23
08	00	21
08	01	23
08	02	9
08	03	14
08	04	9
08	05	3
08	06	3
08	07	5
08	08	0
08	09	8
08	10	4
08	11	7
08	12	20
08	13	37
09	00	159
09	01	26
09	02	2
09	03	2
09	04	2
09	05	6
09	06	4
09	07	9
09	08	4
09	09	0
09	10	125
09	11	91
09	12	16
09	13	26
10	00	133
10	01	26
10	02	115
10	03	1392
10	04	14
10	05	3
10	06	4
10	07	4
10	08	3
10	09	4
10	10	0
10	11	109
10	12	35
10	13	24
11	00	105
11	01	21
11	02	28
11	03	11
11	04	9
11	05	2
11	06	4
11	07	1
11	08	2
11	09	2
11	10	5
11	11	0
11	12	17
11	13	23
12	00	17
12	01	41
12	02	1
12	03	2
12	04	3
12	05	1
12	06	2
12	07	2
12	08	1
12	09	2
12	10	3
12	11	3
12	12	0
12	13	17
13	00	2
13	01	4
13	02	0
13	03	0
13	04	0
13	05	0
13	06	0
13	07	0
13	08	0
13	09	0
13	10	0
13	11	0
13	12	0
13	13	0
