$O;D2
*From-time To-Time
18.0 19.0 
*factor
1
*
00	00	0
00	01	3
00	02	150
00	03	346
00	04	3
00	05	6
00	06	129
00	07	125
00	08	7
00	09	9
00	10	3
00	11	8
00	12	5
00	13	1
01	00	18
01	01	0
01	02	101
01	03	7
01	04	49
01	05	19
01	06	46
01	07	65
01	08	48
01	09	14
01	10	11
01	11	25
01	12	17
01	13	27
02	00	0
02	01	0
02	02	0
02	03	0
02	04	0
02	05	0
02	06	0
02	07	0
02	08	0
02	09	0
02	10	0
02	11	0
02	12	0
02	13	0
03	00	46
03	01	0
03	02	24
03	03	79
03	04	0
03	05	6
03	06	9
03	07	24
03	08	12
03	09	13
03	10	35
03	11	61
03	12	16
03	13	19
04	00	17
04	01	74
04	02	38
04	03	42
04	04	0
04	05	28
04	06	13
04	07	35
04	08	25
04	09	26
04	10	30
04	11	21
04	12	44
04	13	42
05	00	32
05	01	17
05	02	27
05	03	6
05	04	12
05	05	0
05	06	15
05	07	8
05	08	17
05	09	24
05	10	30
05	11	34
05	12	26
05	13	11
06	00	25
06	01	23
06	02	45
06	03	85
06	04	45
06	05	0
06	06	0
06	07	15
06	08	15
06	09	4
06	10	61
06	11	60
06	12	41
06	13	31
07	00	91
07	01	43
07	02	84
07	03	41
07	04	28
07	05	14
07	06	2
07	07	0
07	08	11
07	09	24
07	10	29
07	11	42
07	12	24
07	13	24
08	00	12
08	01	30
08	02	13
08	03	46
08	04	16
08	05	3
08	06	7
08	07	4
08	08	0
08	09	6
08	10	4
08	11	8
08	12	16
08	13	57
09	00	165
09	01	42
09	02	3
09	03	6
09	04	6
09	05	7
09	06	5
09	07	9
09	08	6
09	09	0
09	10	120
09	11	285
09	12	31
09	13	24
10	00	285
10	01	76
10	02	196
10	03	3328
10	04	20
10	05	3
10	06	3
10	07	7
10	08	4
10	09	8
10	10	0
10	11	228
10	12	46
10	13	75
11	00	276
11	01	15
11	02	36
11	03	16
11	04	7
11	05	4
11	06	3
11	07	3
11	08	2
11	09	3
11	10	6
11	11	0
11	12	21
11	13	23
12	00	66
12	01	99
12	02	3
12	03	2
12	04	4
12	05	3
12	06	2
12	07	3
12	08	3
12	09	4
12	10	5
12	11	3
12	12	0
12	13	23
13	00	6
13	01	9
13	02	0
13	03	0
13	04	0
13	05	0
13	06	0
13	07	0
13	08	0
13	09	0
13	10	0
13	11	0
13	12	0
13	13	0
