$O;D2
*From-time To-Time
11.0 12.0 
*factor
1
*
00	00	0
00	01	1
00	02	137
00	03	299
00	04	4
00	05	7
00	06	146
00	07	82
00	08	3
00	09	4
00	10	2
00	11	6
00	12	3
00	13	2
01	00	10
01	01	0
01	02	147
01	03	5
01	04	37
01	05	21
01	06	16
01	07	23
01	08	20
01	09	24
01	10	6
01	11	27
01	12	24
01	13	17
02	00	0
02	01	0
02	02	0
02	03	0
02	04	0
02	05	0
02	06	0
02	07	0
02	08	0
02	09	0
02	10	0
02	11	0
02	12	0
02	13	0
03	00	28
03	01	0
03	02	11
03	03	28
03	04	0
03	05	3
03	06	6
03	07	12
03	08	18
03	09	21
03	10	19
03	11	97
03	12	9
03	13	14
04	00	28
04	01	23
04	02	17
04	03	20
04	04	0
04	05	19
04	06	5
04	07	20
04	08	11
04	09	29
04	10	21
04	11	23
04	12	31
04	13	31
05	00	18
05	01	20
05	02	41
05	03	6
05	04	5
05	05	0
05	06	5
05	07	12
05	08	14
05	09	23
05	10	21
05	11	11
05	12	14
05	13	7
06	00	25
06	01	35
06	02	18
06	03	62
06	04	17
06	05	0
06	06	0
06	07	7
06	08	10
06	09	4
06	10	25
06	11	18
06	12	51
06	13	12
07	00	38
07	01	37
07	02	27
07	03	29
07	04	20
07	05	5
07	06	2
07	07	0
07	08	7
07	09	19
07	10	28
07	11	29
07	12	39
07	13	19
08	00	21
08	01	24
08	02	19
08	03	19
08	04	7
08	05	2
08	06	4
08	07	4
08	08	0
08	09	9
08	10	5
08	11	4
08	12	16
08	13	35
09	00	79
09	01	27
09	02	1
09	03	4
09	04	2
09	05	3
09	06	2
09	07	4
09	08	4
09	09	0
09	10	141
09	11	168
09	12	24
09	13	25
10	00	180
10	01	24
10	02	79
10	03	2318
10	04	18
10	05	2
10	06	3
10	07	5
10	08	4
10	09	4
10	10	0
10	11	122
10	12	28
10	13	21
11	00	149
11	01	14
11	02	31
11	03	17
11	04	8
11	05	2
11	06	5
11	07	2
11	08	2
11	09	3
11	10	5
11	11	0
11	12	18
11	13	32
12	00	28
12	01	47
12	02	2
12	03	1
12	04	2
12	05	2
12	06	2
12	07	3
12	08	2
12	09	3
12	10	3
12	11	5
12	12	0
12	13	16
13	00	4
13	01	5
13	02	0
13	03	0
13	04	0
13	05	0
13	06	0
13	07	0
13	08	0
13	09	0
13	10	0
13	11	0
13	12	0
13	13	0
