$O;D2
*From-time To-Time
13.0 14.0 
*factor
1
*
00	00	0
00	01	2
00	02	152
00	03	485
00	04	2
00	05	3
00	06	106
00	07	42
00	08	5
00	09	3
00	10	3
00	11	4
00	12	3
00	13	1
01	00	10
01	01	0
01	02	108
01	03	5
01	04	15
01	05	19
01	06	29
01	07	34
01	08	30
01	09	21
01	10	15
01	11	22
01	12	15
01	13	16
02	00	0
02	01	0
02	02	0
02	03	0
02	04	0
02	05	0
02	06	0
02	07	0
02	08	0
02	09	0
02	10	0
02	11	0
02	12	0
02	13	0
03	00	17
03	01	0
03	02	18
03	03	49
03	04	0
03	05	5
03	06	4
03	07	27
03	08	19
03	09	16
03	10	10
03	11	45
03	12	11
03	13	22
04	00	19
04	01	51
04	02	20
04	03	25
04	04	0
04	05	8
04	06	12
04	07	24
04	08	22
04	09	27
04	10	22
04	11	18
04	12	28
04	13	25
05	00	40
05	01	10
05	02	36
05	03	4
05	04	7
05	05	0
05	06	6
05	07	10
05	08	13
05	09	13
05	10	17
05	11	13
05	12	18
05	13	7
06	00	22
06	01	17
06	02	35
06	03	51
06	04	16
06	05	0
06	06	0
06	07	10
06	08	11
06	09	6
06	10	45
06	11	17
06	12	47
06	13	28
07	00	65
07	01	20
07	02	48
07	03	34
07	04	22
07	05	4
07	06	2
07	07	0
07	08	6
07	09	29
07	10	30
07	11	36
07	12	33
07	13	16
08	00	9
08	01	19
08	02	23
08	03	34
08	04	12
08	05	2
08	06	5
08	07	4
08	08	0
08	09	7
08	10	4
08	11	8
08	12	23
08	13	33
09	00	155
09	01	16
09	02	2
09	03	3
09	04	5
09	05	3
09	06	6
09	07	5
09	08	4
09	09	0
09	10	87
09	11	170
09	12	21
09	13	22
10	00	200
10	01	30
10	02	75
10	03	3039
10	04	29
10	05	2
10	06	2
10	07	5
10	08	4
10	09	6
10	10	0
10	11	167
10	12	49
10	13	45
11	00	197
11	01	14
11	02	23
11	03	16
11	04	11
11	05	2
11	06	3
11	07	1
11	08	2
11	09	2
11	10	4
11	11	0
11	12	20
11	13	24
12	00	18
12	01	72
12	02	1
12	03	2
12	04	2
12	05	1
12	06	2
12	07	2
12	08	2
12	09	3
12	10	4
12	11	5
12	12	0
12	13	17
13	00	4
13	01	5
13	02	0
13	03	0
13	04	0
13	05	0
13	06	0
13	07	0
13	08	0
13	09	0
13	10	0
13	11	0
13	12	0
13	13	0
