$O;D2
*From-time To-Time
20.0 21.0 
*factor
1
*
00	00	0
00	01	1
00	02	84
00	03	293
00	04	3
00	05	4
00	06	109
00	07	32
00	08	4
00	09	4
00	10	3
00	11	6
00	12	2
00	13	2
01	00	9
01	01	0
01	02	80
01	03	4
01	04	23
01	05	9
01	06	33
01	07	34
01	08	20
01	09	19
01	10	8
01	11	13
01	12	13
01	13	12
02	00	0
02	01	0
02	02	0
02	03	0
02	04	0
02	05	0
02	06	0
02	07	0
02	08	0
02	09	0
02	10	0
02	11	0
02	12	0
02	13	0
03	00	19
03	01	0
03	02	7
03	03	25
03	04	0
03	05	5
03	06	3
03	07	9
03	08	13
03	09	18
03	10	9
03	11	84
03	12	8
03	13	17
04	00	9
04	01	38
04	02	14
04	03	14
04	04	0
04	05	15
04	06	7
04	07	18
04	08	10
04	09	27
04	10	11
04	11	12
04	12	11
04	13	22
05	00	16
05	01	11
05	02	28
05	03	3
05	04	6
05	05	0
05	06	8
05	07	6
05	08	8
05	09	20
05	10	10
05	11	19
05	12	23
05	13	4
06	00	24
06	01	30
06	02	15
06	03	44
06	04	12
06	05	0
06	06	0
06	07	7
06	08	5
06	09	3
06	10	28
06	11	18
06	12	32
06	13	21
07	00	45
07	01	16
07	02	46
07	03	17
07	04	6
07	05	7
07	06	2
07	07	0
07	08	4
07	09	18
07	10	30
07	11	35
07	12	27
07	13	18
08	00	9
08	01	20
08	02	18
08	03	12
08	04	8
08	05	2
08	06	4
08	07	4
08	08	0
08	09	4
08	10	5
08	11	3
08	12	13
08	13	18
09	00	87
09	01	20
09	02	1
09	03	2
09	04	2
09	05	5
09	06	3
09	07	6
09	08	2
09	09	0
09	10	44
09	11	136
09	12	9
09	13	18
10	00	102
10	01	29
10	02	113
10	03	2179
10	04	9
10	05	3
10	06	2
10	07	3
10	08	4
10	09	6
10	10	0
10	11	66
10	12	36
10	13	37
11	00	155
11	01	15
11	02	23
11	03	11
11	04	4
11	05	2
11	06	2
11	07	1
11	08	2
11	09	2
11	10	2
11	11	0
11	12	13
11	13	24
12	00	19
12	01	28
12	02	2
12	03	2
12	04	3
12	05	1
12	06	1
12	07	2
12	08	2
12	09	2
12	10	3
12	11	2
12	12	0
12	13	21
13	00	4
13	01	3
13	02	0
13	03	0
13	04	0
13	05	0
13	06	0
13	07	0
13	08	0
13	09	0
13	10	0
13	11	0
13	12	0
13	13	0
