$O;D2
*From-time To-Time
14.0 15.0 
*factor
1
*
00	00	0
00	01	3
00	02	126
00	03	371
00	04	3
00	05	7
00	06	121
00	07	102
00	08	6
00	09	7
00	10	3
00	11	5
00	12	3
00	13	2
01	00	15
01	01	0
01	02	184
01	03	3
01	04	17
01	05	14
01	06	29
01	07	35
01	08	19
01	09	15
01	10	19
01	11	22
01	12	25
01	13	13
02	00	0
02	01	0
02	02	0
02	03	0
02	04	0
02	05	0
02	06	0
02	07	0
02	08	0
02	09	0
02	10	0
02	11	0
02	12	0
02	13	0
03	00	29
03	01	0
03	02	13
03	03	51
03	04	0
03	05	3
03	06	7
03	07	26
03	08	14
03	09	21
03	10	30
03	11	65
03	12	8
03	13	19
04	00	27
04	01	28
04	02	13
04	03	29
04	04	0
04	05	14
04	06	13
04	07	29
04	08	25
04	09	41
04	10	14
04	11	23
04	12	24
04	13	27
05	00	20
05	01	17
05	02	35
05	03	8
05	04	7
05	05	0
05	06	11
05	07	6
05	08	6
05	09	16
05	10	15
05	11	31
05	12	27
05	13	7
06	00	14
06	01	38
06	02	15
06	03	25
06	04	14
06	05	0
06	06	0
06	07	8
06	08	9
06	09	7
06	10	34
06	11	36
06	12	43
06	13	34
07	00	62
07	01	27
07	02	42
07	03	33
07	04	24
07	05	7
07	06	1
07	07	0
07	08	11
07	09	28
07	10	17
07	11	32
07	12	25
07	13	26
08	00	14
08	01	31
08	02	24
08	03	30
08	04	11
08	05	3
08	06	5
08	07	4
08	08	0
08	09	9
08	10	6
08	11	7
08	12	10
08	13	22
09	00	178
09	01	31
09	02	3
09	03	4
09	04	5
09	05	8
09	06	3
09	07	9
09	08	2
09	09	0
09	10	158
09	11	177
09	12	12
09	13	31
10	00	136
10	01	56
10	02	149
10	03	1834
10	04	17
10	05	2
10	06	4
10	07	4
10	08	8
10	09	5
10	10	0
10	11	149
10	12	34
10	13	32
11	00	177
11	01	12
11	02	29
11	03	16
11	04	9
11	05	3
11	06	4
11	07	3
11	08	2
11	09	2
11	10	4
11	11	0
11	12	25
11	13	35
12	00	36
12	01	42
12	02	3
12	03	2
12	04	3
12	05	3
12	06	3
12	07	2
12	08	3
12	09	2
12	10	4
12	11	4
12	12	0
12	13	18
13	00	3
13	01	6
13	02	0
13	03	0
13	04	0
13	05	0
13	06	0
13	07	0
13	08	0
13	09	0
13	10	0
13	11	0
13	12	0
13	13	0
