$O;D2
*From-time To-Time
5.0 6.0 
*factor
1
*
00	00	0
00	01	0
00	02	30
00	03	115
00	04	2
00	05	1
00	06	18
00	07	10
00	08	2
00	09	2
00	10	0
00	11	1
00	12	0
00	13	0
01	00	2
01	01	0
01	02	37
01	03	1
01	04	9
01	05	5
01	06	8
01	07	12
01	08	5
01	09	4
01	10	3
01	11	4
01	12	6
01	13	5
02	00	0
02	01	0
02	02	0
02	03	0
02	04	0
02	05	0
02	06	0
02	07	0
02	08	0
02	09	0
02	10	0
02	11	0
02	12	0
02	13	0
03	00	4
03	01	0
03	02	2
03	03	15
03	04	0
03	05	2
03	06	1
03	07	5
03	08	5
03	09	4
03	10	3
03	11	16
03	12	2
03	13	3
04	00	7
04	01	6
04	02	3
04	03	6
04	04	0
04	05	2
04	06	3
04	07	8
04	08	6
04	09	6
04	10	2
04	11	5
04	12	4
04	13	8
05	00	9
05	01	3
05	02	11
05	03	1
05	04	2
05	05	0
05	06	3
05	07	3
05	08	3
05	09	5
05	10	4
05	11	4
05	12	7
05	13	2
06	00	4
06	01	8
06	02	8
06	03	7
06	04	3
06	05	0
06	06	0
06	07	3
06	08	3
06	09	1
06	10	8
06	11	7
06	12	9
06	13	4
07	00	16
07	01	7
07	02	15
07	03	6
07	04	4
07	05	3
07	06	0
07	07	0
07	08	2
07	09	7
07	10	7
07	11	11
07	12	11
07	13	5
08	00	3
08	01	5
08	02	4
08	03	7
08	04	2
08	05	0
08	06	1
08	07	2
08	08	0
08	09	1
08	10	2
08	11	1
08	12	5
08	13	5
09	00	33
09	01	3
09	02	0
09	03	2
09	04	2
09	05	1
09	06	2
09	07	2
09	08	1
09	09	0
09	10	14
09	11	18
09	12	5
09	13	5
10	00	70
10	01	10
10	02	46
10	03	724
10	04	6
10	05	0
10	06	1
10	07	2
10	08	2
10	09	1
10	10	0
10	11	39
10	12	8
10	13	6
11	00	18
11	01	2
11	02	8
11	03	2
11	04	3
11	05	0
11	06	2
11	07	0
11	08	0
11	09	0
11	10	2
11	11	0
11	12	5
11	13	5
12	00	10
12	01	9
12	02	0
12	03	0
12	04	0
12	05	0
12	06	0
12	07	0
12	08	0
12	09	0
12	10	2
12	11	1
12	12	0
12	13	8
13	00	2
13	01	1
13	02	0
13	03	0
13	04	0
13	05	0
13	06	0
13	07	0
13	08	0
13	09	0
13	10	0
13	11	0
13	12	0
13	13	0
