$O;D2
*From-time To-Time
9.0 10.0 
*factor
1
*
00	00	0
00	01	2
00	02	73
00	03	263
00	04	3
00	05	3
00	06	105
00	07	99
00	08	5
00	09	4
00	10	3
00	11	5
00	12	3
00	13	1
01	00	13
01	01	0
01	02	106
01	03	5
01	04	27
01	05	27
01	06	45
01	07	47
01	08	31
01	09	13
01	10	11
01	11	14
01	12	24
01	13	18
02	00	0
02	01	0
02	02	0
02	03	0
02	04	0
02	05	0
02	06	0
02	07	0
02	08	0
02	09	0
02	10	0
02	11	0
02	12	0
02	13	0
03	00	24
03	01	0
03	02	8
03	03	56
03	04	0
03	05	5
03	06	4
03	07	11
03	08	17
03	09	10
03	10	21
03	11	50
03	12	8
03	13	21
04	00	17
04	01	35
04	02	13
04	03	32
04	04	0
04	05	18
04	06	10
04	07	29
04	08	23
04	09	17
04	10	19
04	11	11
04	12	22
04	13	28
05	00	33
05	01	18
05	02	39
05	03	4
05	04	6
05	05	0
05	06	6
05	07	12
05	08	7
05	09	14
05	10	15
05	11	22
05	12	24
05	13	6
06	00	12
06	01	26
06	02	13
06	03	68
06	04	30
06	05	0
06	06	0
06	07	9
06	08	4
06	09	4
06	10	20
06	11	44
06	12	44
06	13	21
07	00	64
07	01	35
07	02	46
07	03	27
07	04	19
07	05	11
07	06	2
07	07	0
07	08	10
07	09	12
07	10	40
07	11	19
07	12	32
07	13	23
08	00	13
08	01	18
08	02	11
08	03	18
08	04	7
08	05	3
08	06	4
08	07	4
08	08	0
08	09	6
08	10	4
08	11	6
08	12	13
08	13	42
09	00	128
09	01	24
09	02	1
09	03	4
09	04	6
09	05	6
09	06	3
09	07	7
09	08	5
09	09	0
09	10	119
09	11	121
09	12	16
09	13	16
10	00	151
10	01	46
10	02	151
10	03	1356
10	04	24
10	05	2
10	06	3
10	07	6
10	08	5
10	09	7
10	10	0
10	11	92
10	12	20
10	13	30
11	00	192
11	01	8
11	02	29
11	03	11
11	04	8
11	05	3
11	06	3
11	07	1
11	08	2
11	09	3
11	10	6
11	11	0
11	12	17
11	13	24
12	00	17
12	01	45
12	02	2
12	03	1
12	04	3
12	05	2
12	06	1
12	07	2
12	08	1
12	09	3
12	10	4
12	11	4
12	12	0
12	13	25
13	00	3
13	01	7
13	02	0
13	03	0
13	04	0
13	05	0
13	06	0
13	07	0
13	08	0
13	09	0
13	10	0
13	11	0
13	12	0
13	13	0
