$O;D2
*From-time To-Time
18.0 19.0 
*factor
1
*
00	00	0
00	01	3
00	02	86
00	03	719
00	04	3
00	05	10
00	06	172
00	07	146
00	08	8
00	09	4
00	10	3
00	11	8
00	12	3
00	13	1
01	00	16
01	01	0
01	02	208
01	03	4
01	04	46
01	05	40
01	06	59
01	07	34
01	08	46
01	09	23
01	10	21
01	11	48
01	12	44
01	13	31
02	00	0
02	01	0
02	02	0
02	03	0
02	04	0
02	05	0
02	06	0
02	07	0
02	08	0
02	09	0
02	10	0
02	11	0
02	12	0
02	13	0
03	00	40
03	01	0
03	02	17
03	03	73
03	04	0
03	05	6
03	06	9
03	07	30
03	08	17
03	09	24
03	10	17
03	11	83
03	12	12
03	13	16
04	00	45
04	01	47
04	02	35
04	03	19
04	04	0
04	05	12
04	06	8
04	07	33
04	08	13
04	09	40
04	10	22
04	11	22
04	12	37
04	13	44
05	00	34
05	01	15
05	02	36
05	03	7
05	04	8
05	05	0
05	06	20
05	07	13
05	08	17
05	09	13
05	10	14
05	11	41
05	12	43
05	13	6
06	00	37
06	01	29
06	02	29
06	03	57
06	04	44
06	05	0
06	06	0
06	07	14
06	08	6
06	09	6
06	10	38
06	11	25
06	12	31
06	13	30
07	00	100
07	01	45
07	02	98
07	03	17
07	04	30
07	05	15
07	06	1
07	07	0
07	08	13
07	09	16
07	10	58
07	11	50
07	12	42
07	13	34
08	00	12
08	01	26
08	02	18
08	03	28
08	04	8
08	05	2
08	06	7
08	07	7
08	08	0
08	09	11
08	10	6
08	11	8
08	12	25
08	13	32
09	00	294
09	01	47
09	02	2
09	03	4
09	04	3
09	05	7
09	06	5
09	07	10
09	08	6
09	09	0
09	10	170
09	11	159
09	12	15
09	13	32
10	00	357
10	01	56
10	02	235
10	03	4155
10	04	39
10	05	4
10	06	4
10	07	4
10	08	4
10	09	10
10	10	0
10	11	127
10	12	33
10	13	32
11	00	220
11	01	15
11	02	27
11	03	23
11	04	16
11	05	4
11	06	6
11	07	2
11	08	1
11	09	3
11	10	4
11	11	0
11	12	26
11	13	45
12	00	66
12	01	64
12	02	3
12	03	1
12	04	2
12	05	2
12	06	3
12	07	2
12	08	3
12	09	3
12	10	8
12	11	5
12	12	0
12	13	44
13	00	4
13	01	8
13	02	0
13	03	0
13	04	0
13	05	0
13	06	0
13	07	0
13	08	0
13	09	0
13	10	0
13	11	0
13	12	0
13	13	0
