$O;D2
*From-time To-Time
7.0 8.0 
*factor
1
*
00	00	0
00	01	3
00	02	177
00	03	634
00	04	5
00	05	4
00	06	159
00	07	104
00	08	4
00	09	8
00	10	3
00	11	7
00	12	2
00	13	1
01	00	18
01	01	0
01	02	203
01	03	5
01	04	30
01	05	28
01	06	38
01	07	38
01	08	44
01	09	19
01	10	24
01	11	22
01	12	29
01	13	19
02	00	0
02	01	0
02	02	0
02	03	0
02	04	0
02	05	0
02	06	0
02	07	0
02	08	0
02	09	0
02	10	0
02	11	0
02	12	0
02	13	0
03	00	23
03	01	0
03	02	12
03	03	43
03	04	0
03	05	6
03	06	7
03	07	36
03	08	10
03	09	13
03	10	22
03	11	74
03	12	10
03	13	24
04	00	43
04	01	62
04	02	21
04	03	37
04	04	0
04	05	14
04	06	14
04	07	43
04	08	17
04	09	24
04	10	15
04	11	21
04	12	41
04	13	49
05	00	44
05	01	28
05	02	40
05	03	8
05	04	6
05	05	0
05	06	19
05	07	18
05	08	17
05	09	33
05	10	29
05	11	16
05	12	22
05	13	13
06	00	43
06	01	38
06	02	33
06	03	76
06	04	21
06	05	0
06	06	0
06	07	16
06	08	10
06	09	7
06	10	46
06	11	68
06	12	68
06	13	16
07	00	62
07	01	67
07	02	43
07	03	35
07	04	14
07	05	12
07	06	2
07	07	0
07	08	6
07	09	29
07	10	57
07	11	74
07	12	66
07	13	27
08	00	12
08	01	38
08	02	18
08	03	24
08	04	16
08	05	4
08	06	4
08	07	6
08	08	0
08	09	9
08	10	7
08	11	9
08	12	27
08	13	35
09	00	104
09	01	25
09	02	3
09	03	6
09	04	6
09	05	7
09	06	7
09	07	8
09	08	6
09	09	0
09	10	125
09	11	159
09	12	23
09	13	39
10	00	198
10	01	35
10	02	228
10	03	2644
10	04	17
10	05	4
10	06	6
10	07	5
10	08	5
10	09	8
10	10	0
10	11	128
10	12	33
10	13	62
11	00	188
11	01	20
11	02	23
11	03	20
11	04	16
11	05	4
11	06	4
11	07	2
11	08	1
11	09	2
11	10	3
11	11	0
11	12	22
11	13	26
12	00	64
12	01	101
12	02	3
12	03	1
12	04	5
12	05	3
12	06	2
12	07	4
12	08	2
12	09	4
12	10	4
12	11	3
12	12	0
12	13	49
13	00	4
13	01	9
13	02	0
13	03	0
13	04	0
13	05	0
13	06	0
13	07	0
13	08	0
13	09	0
13	10	0
13	11	0
13	12	0
13	13	0
