$O;D2
*From-time To-Time
14.0 15.0 
*factor
1
*
00	00	0
00	01	2
00	02	110
00	03	378
00	04	3
00	05	5
00	06	110
00	07	78
00	08	4
00	09	5
00	10	2
00	11	7
00	12	2
00	13	1
01	00	11
01	01	0
01	02	124
01	03	4
01	04	30
01	05	20
01	06	34
01	07	44
01	08	25
01	09	20
01	10	13
01	11	26
01	12	24
01	13	19
02	00	0
02	01	0
02	02	0
02	03	0
02	04	0
02	05	0
02	06	0
02	07	0
02	08	0
02	09	0
02	10	0
02	11	0
02	12	0
02	13	0
03	00	23
03	01	0
03	02	16
03	03	47
03	04	0
03	05	4
03	06	6
03	07	23
03	08	14
03	09	17
03	10	20
03	11	91
03	12	9
03	13	17
04	00	23
04	01	45
04	02	23
04	03	24
04	04	0
04	05	15
04	06	9
04	07	23
04	08	17
04	09	33
04	10	16
04	11	17
04	12	24
04	13	26
05	00	30
05	01	16
05	02	33
05	03	5
05	04	6
05	05	0
05	06	11
05	07	9
05	08	11
05	09	18
05	10	17
05	11	23
05	12	23
05	13	8
06	00	23
06	01	33
06	02	26
06	03	49
06	04	24
06	05	0
06	06	0
06	07	9
06	08	8
06	09	5
06	10	33
06	11	34
06	12	38
06	13	23
07	00	53
07	01	34
07	02	51
07	03	24
07	04	16
07	05	8
07	06	1
07	07	0
07	08	8
07	09	23
07	10	30
07	11	38
07	12	34
07	13	24
08	00	15
08	01	23
08	02	17
08	03	24
08	04	9
08	05	2
08	06	4
08	07	5
08	08	0
08	09	7
08	10	5
08	11	6
08	12	17
08	13	33
09	00	151
09	01	24
09	02	2
09	03	3
09	04	4
09	05	5
09	06	4
09	07	7
09	08	3
09	09	0
09	10	114
09	11	163
09	12	17
09	13	24
10	00	227
10	01	39
10	02	151
10	03	2649
10	04	24
10	05	2
10	06	3
10	07	4
10	08	5
10	09	5
10	10	0
10	11	121
10	12	38
10	13	39
11	00	151
11	01	16
11	02	24
11	03	16
11	04	8
11	05	2
11	06	3
11	07	2
11	08	1
11	09	2
11	10	4
11	11	0
11	12	17
11	13	25
12	00	34
12	01	55
12	02	2
12	03	1
12	04	2
12	05	2
12	06	2
12	07	2
12	08	2
12	09	2
12	10	4
12	11	3
12	12	0
12	13	29
13	00	4
13	01	5
13	02	0
13	03	0
13	04	0
13	05	0
13	06	0
13	07	0
13	08	0
13	09	0
13	10	0
13	11	0
13	12	0
13	13	0
