$O;D2
*From-time To-Time
19.0 20.0 
*factor
1
*
00	00	0
00	01	1
00	02	128
00	03	260
00	04	3
00	05	5
00	06	122
00	07	59
00	08	3
00	09	4
00	10	3
00	11	8
00	12	3
00	13	2
01	00	12
01	01	0
01	02	126
01	03	3
01	04	36
01	05	10
01	06	34
01	07	50
01	08	25
01	09	27
01	10	9
01	11	21
01	12	28
01	13	15
02	00	0
02	01	0
02	02	0
02	03	0
02	04	0
02	05	0
02	06	0
02	07	0
02	08	0
02	09	0
02	10	0
02	11	0
02	12	0
02	13	0
03	00	22
03	01	0
03	02	18
03	03	28
03	04	0
03	05	4
03	06	7
03	07	12
03	08	12
03	09	21
03	10	24
03	11	87
03	12	7
03	13	21
04	00	24
04	01	32
04	02	23
04	03	23
04	04	0
04	05	12
04	06	10
04	07	27
04	08	19
04	09	26
04	10	19
04	11	15
04	12	19
04	13	19
05	00	33
05	01	17
05	02	37
05	03	4
05	04	7
05	05	0
05	06	11
05	07	8
05	08	8
05	09	10
05	10	15
05	11	30
05	12	15
05	13	7
06	00	17
06	01	33
06	02	16
06	03	55
06	04	27
06	05	0
06	06	0
06	07	10
06	08	9
06	09	3
06	10	35
06	11	28
06	12	45
06	13	11
07	00	39
07	01	40
07	02	60
07	03	20
07	04	8
07	05	7
07	06	2
07	07	0
07	08	6
07	09	17
07	10	23
07	11	25
07	12	28
07	13	18
08	00	12
08	01	31
08	02	13
08	03	28
08	04	10
08	05	3
08	06	4
08	07	4
08	08	0
08	09	8
08	10	4
08	11	7
08	12	21
08	13	22
09	00	85
09	01	18
09	02	2
09	03	4
09	04	4
09	05	3
09	06	4
09	07	4
09	08	4
09	09	0
09	10	119
09	11	150
09	12	23
09	13	25
10	00	192
10	01	39
10	02	106
10	03	2582
10	04	19
10	05	3
10	06	4
10	07	4
10	08	3
10	09	5
10	10	0
10	11	94
10	12	37
10	13	44
11	00	186
11	01	14
11	02	13
11	03	15
11	04	9
11	05	3
11	06	4
11	07	2
11	08	1
11	09	2
11	10	4
11	11	0
11	12	23
11	13	18
12	00	16
12	01	32
12	02	2
12	03	1
12	04	3
12	05	1
12	06	1
12	07	3
12	08	2
12	09	3
12	10	3
12	11	4
12	12	0
12	13	35
13	00	3
13	01	4
13	02	0
13	03	0
13	04	0
13	05	0
13	06	0
13	07	0
13	08	0
13	09	0
13	10	0
13	11	0
13	12	0
13	13	0
