$O;D2
*From-time To-Time
10.0 11.0 
*factor
1
*
00	00	0
00	01	1
00	02	116
00	03	433
00	04	2
00	05	5
00	06	55
00	07	49
00	08	3
00	09	3
00	10	2
00	11	4
00	12	3
00	13	2
01	00	12
01	01	0
01	02	94
01	03	3
01	04	23
01	05	12
01	06	27
01	07	31
01	08	26
01	09	14
01	10	15
01	11	32
01	12	14
01	13	20
02	00	0
02	01	0
02	02	0
02	03	0
02	04	0
02	05	0
02	06	0
02	07	0
02	08	0
02	09	0
02	10	0
02	11	0
02	12	0
02	13	0
03	00	21
03	01	0
03	02	9
03	03	54
03	04	0
03	05	4
03	06	6
03	07	29
03	08	9
03	09	14
03	10	27
03	11	88
03	12	10
03	13	16
04	00	24
04	01	62
04	02	25
04	03	21
04	04	0
04	05	8
04	06	12
04	07	28
04	08	15
04	09	33
04	10	13
04	11	14
04	12	18
04	13	28
05	00	39
05	01	19
05	02	24
05	03	4
05	04	5
05	05	0
05	06	7
05	07	8
05	08	10
05	09	24
05	10	20
05	11	31
05	12	20
05	13	7
06	00	18
06	01	19
06	02	13
06	03	48
06	04	33
06	05	0
06	06	0
06	07	8
06	08	4
06	09	5
06	10	23
06	11	17
06	12	32
06	13	27
07	00	50
07	01	24
07	02	29
07	03	29
07	04	8
07	05	4
07	06	1
07	07	0
07	08	8
07	09	18
07	10	20
07	11	51
07	12	22
07	13	25
08	00	8
08	01	20
08	02	21
08	03	17
08	04	9
08	05	3
08	06	4
08	07	4
08	08	0
08	09	5
08	10	7
08	11	4
08	12	24
08	13	23
09	00	195
09	01	27
09	02	2
09	03	4
09	04	3
09	05	6
09	06	4
09	07	4
09	08	3
09	09	0
09	10	97
09	11	104
09	12	23
09	13	21
10	00	173
10	01	21
10	02	188
10	03	1734
10	04	29
10	05	3
10	06	2
10	07	3
10	08	6
10	09	7
10	10	0
10	11	83
10	12	20
10	13	40
11	00	82
11	01	8
11	02	12
11	03	21
11	04	9
11	05	3
11	06	3
11	07	1
11	08	2
11	09	2
11	10	4
11	11	0
11	12	14
11	13	21
12	00	20
12	01	72
12	02	2
12	03	2
12	04	3
12	05	2
12	06	1
12	07	2
12	08	2
12	09	2
12	10	3
12	11	4
12	12	0
12	13	18
13	00	2
13	01	5
13	02	0
13	03	0
13	04	0
13	05	0
13	06	0
13	07	0
13	08	0
13	09	0
13	10	0
13	11	0
13	12	0
13	13	0
