$O;D2
*From-time To-Time
13.0 14.0 
*factor
1
*
00	00	0
00	01	1
00	02	103
00	03	317
00	04	3
00	05	3
00	06	87
00	07	82
00	08	5
00	09	6
00	10	3
00	11	6
00	12	2
00	13	2
01	00	16
01	01	0
01	02	63
01	03	3
01	04	16
01	05	23
01	06	47
01	07	62
01	08	35
01	09	16
01	10	11
01	11	16
01	12	25
01	13	21
02	00	0
02	01	0
02	02	0
02	03	0
02	04	0
02	05	0
02	06	0
02	07	0
02	08	0
02	09	0
02	10	0
02	11	0
02	12	0
02	13	0
03	00	29
03	01	0
03	02	14
03	03	63
03	04	0
03	05	4
03	06	8
03	07	14
03	08	18
03	09	18
03	10	25
03	11	114
03	12	8
03	13	20
04	00	23
04	01	60
04	02	29
04	03	19
04	04	0
04	05	16
04	06	7
04	07	30
04	08	15
04	09	25
04	10	14
04	11	20
04	12	34
04	13	28
05	00	24
05	01	8
05	02	27
05	03	4
05	04	7
05	05	0
05	06	14
05	07	9
05	08	8
05	09	16
05	10	15
05	11	25
05	12	29
05	13	5
06	00	28
06	01	36
06	02	30
06	03	43
06	04	14
06	05	0
06	06	0
06	07	12
06	08	9
06	09	6
06	10	39
06	11	24
06	12	22
06	13	30
07	00	46
07	01	27
07	02	42
07	03	30
07	04	17
07	05	7
07	06	2
07	07	0
07	08	11
07	09	29
07	10	37
07	11	28
07	12	42
07	13	31
08	00	14
08	01	22
08	02	10
08	03	18
08	04	11
08	05	2
08	06	3
08	07	6
08	08	0
08	09	5
08	10	7
08	11	5
08	12	17
08	13	33
09	00	117
09	01	14
09	02	2
09	03	3
09	04	3
09	05	3
09	06	3
09	07	7
09	08	2
09	09	0
09	10	88
09	11	87
09	12	18
09	13	28
10	00	219
10	01	24
10	02	125
10	03	2255
10	04	28
10	05	3
10	06	3
10	07	6
10	08	5
10	09	7
10	10	0
10	11	107
10	12	37
10	13	47
11	00	129
11	01	11
11	02	35
11	03	16
11	04	6
11	05	3
11	06	5
11	07	1
11	08	1
11	09	2
11	10	3
11	11	0
11	12	24
11	13	20
12	00	45
12	01	72
12	02	2
12	03	1
12	04	2
12	05	2
12	06	1
12	07	3
12	08	2
12	09	2
12	10	6
12	11	3
12	12	0
12	13	21
13	00	4
13	01	6
13	02	0
13	03	0
13	04	0
13	05	0
13	06	0
13	07	0
13	08	0
13	09	0
13	10	0
13	11	0
13	12	0
13	13	0
