$O;D2
*From-time To-Time
18.0 19.0 
*factor
1
*
00	00	0
00	01	2
00	02	215
00	03	706
00	04	3
00	05	8
00	06	128
00	07	64
00	08	8
00	09	8
00	10	2
00	11	12
00	12	4
00	13	1
01	00	13
01	01	0
01	02	198
01	03	6
01	04	56
01	05	25
01	06	26
01	07	53
01	08	30
01	09	32
01	10	21
01	11	44
01	12	39
01	13	38
02	00	0
02	01	0
02	02	0
02	03	0
02	04	0
02	05	0
02	06	0
02	07	0
02	08	0
02	09	0
02	10	0
02	11	0
02	12	0
02	13	0
03	00	25
03	01	0
03	02	22
03	03	39
03	04	0
03	05	4
03	06	9
03	07	44
03	08	20
03	09	20
03	10	35
03	11	146
03	12	12
03	13	31
04	00	43
04	01	56
04	02	28
04	03	42
04	04	0
04	05	20
04	06	12
04	07	19
04	08	28
04	09	32
04	10	18
04	11	19
04	12	34
04	13	38
05	00	44
05	01	19
05	02	43
05	03	4
05	04	6
05	05	0
05	06	9
05	07	18
05	08	10
05	09	31
05	10	17
05	11	41
05	12	32
05	13	10
06	00	41
06	01	64
06	02	51
06	03	86
06	04	19
06	05	0
06	06	0
06	07	18
06	08	8
06	09	8
06	10	38
06	11	39
06	12	53
06	13	17
07	00	91
07	01	55
07	02	49
07	03	34
07	04	22
07	05	6
07	06	2
07	07	0
07	08	7
07	09	16
07	10	50
07	11	39
07	12	44
07	13	47
08	00	27
08	01	34
08	02	12
08	03	25
08	04	11
08	05	4
08	06	5
08	07	6
08	08	0
08	09	8
08	10	9
08	11	12
08	12	14
08	13	64
09	00	145
09	01	35
09	02	3
09	03	3
09	04	6
09	05	6
09	06	7
09	07	5
09	08	6
09	09	0
09	10	163
09	11	233
09	12	31
09	13	22
10	00	372
10	01	54
10	02	284
10	03	4933
10	04	37
10	05	5
10	06	5
10	07	3
10	08	9
10	09	6
10	10	0
10	11	154
10	12	68
10	13	55
11	00	136
11	01	26
11	02	46
11	03	12
11	04	17
11	05	4
11	06	3
11	07	3
11	08	1
11	09	3
11	10	6
11	11	0
11	12	35
11	13	17
12	00	38
12	01	78
12	02	2
12	03	1
12	04	3
12	05	2
12	06	3
12	07	5
12	08	2
12	09	3
12	10	4
12	11	6
12	12	0
12	13	39
13	00	5
13	01	10
13	02	0
13	03	0
13	04	0
13	05	0
13	06	0
13	07	0
13	08	0
13	09	0
13	10	0
13	11	0
13	12	0
13	13	0
