$O;D2
*From-time To-Time
22.0 23.0 
*factor
1
*
00	00	0
00	01	1
00	02	39
00	03	135
00	04	1
00	05	2
00	06	39
00	07	28
00	08	1
00	09	2
00	10	1
00	11	2
00	12	1
00	13	0
01	00	4
01	01	0
01	02	44
01	03	1
01	04	11
01	05	7
01	06	12
01	07	16
01	08	9
01	09	7
01	10	5
01	11	9
01	12	9
01	13	7
02	00	0
02	01	0
02	02	0
02	03	0
02	04	0
02	05	0
02	06	0
02	07	0
02	08	0
02	09	0
02	10	0
02	11	0
02	12	0
02	13	0
03	00	8
03	01	0
03	02	6
03	03	17
03	04	0
03	05	1
03	06	2
03	07	8
03	08	5
03	09	6
03	10	7
03	11	32
03	12	3
03	13	6
04	00	8
04	01	16
04	02	8
04	03	9
04	04	0
04	05	5
04	06	3
04	07	8
04	08	6
04	09	12
04	10	6
04	11	6
04	12	9
04	13	9
05	00	11
05	01	6
05	02	12
05	03	2
05	04	2
05	05	0
05	06	4
05	07	3
05	08	4
05	09	6
05	10	6
05	11	8
05	12	8
05	13	3
06	00	8
06	01	12
06	02	9
06	03	18
06	04	9
06	05	0
06	06	0
06	07	3
06	08	3
06	09	2
06	10	12
06	11	12
06	12	14
06	13	8
07	00	19
07	01	12
07	02	18
07	03	9
07	04	6
07	05	3
07	06	0
07	07	0
07	08	3
07	09	8
07	10	11
07	11	14
07	12	12
07	13	9
08	00	5
08	01	8
08	02	6
08	03	9
08	04	3
08	05	1
08	06	1
08	07	2
08	08	0
08	09	2
08	10	2
08	11	2
08	12	6
08	13	12
09	00	54
09	01	9
09	02	1
09	03	1
09	04	1
09	05	2
09	06	1
09	07	2
09	08	1
09	09	0
09	10	41
09	11	58
09	12	6
09	13	9
10	00	81
10	01	14
10	02	54
10	03	946
10	04	9
10	05	1
10	06	1
10	07	1
10	08	2
10	09	2
10	10	0
10	11	43
10	12	14
10	13	14
11	00	54
11	01	6
11	02	9
11	03	6
11	04	3
11	05	1
11	06	1
11	07	1
11	08	0
11	09	1
11	10	1
11	11	0
11	12	6
11	13	9
12	00	12
12	01	20
12	02	1
12	03	0
12	04	1
12	05	1
12	06	1
12	07	1
12	08	1
12	09	1
12	10	1
12	11	1
12	12	0
12	13	10
13	00	1
13	01	2
13	02	0
13	03	0
13	04	0
13	05	0
13	06	0
13	07	0
13	08	0
13	09	0
13	10	0
13	11	0
13	12	0
13	13	0
