$O;D2
*From-time To-Time
15.0 16.0 
*factor
1
*
00	00	0
00	01	2
00	02	72
00	03	656
00	04	4
00	05	5
00	06	156
00	07	88
00	08	5
00	09	8
00	10	2
00	11	8
00	12	2
00	13	1
01	00	16
01	01	0
01	02	146
01	03	3
01	04	28
01	05	27
01	06	21
01	07	53
01	08	23
01	09	29
01	10	14
01	11	37
01	12	23
01	13	25
02	00	0
02	01	0
02	02	0
02	03	0
02	04	0
02	05	0
02	06	0
02	07	0
02	08	0
02	09	0
02	10	0
02	11	0
02	12	0
02	13	0
03	00	42
03	01	0
03	02	16
03	03	69
03	04	0
03	05	4
03	06	5
03	07	35
03	08	9
03	09	12
03	10	27
03	11	117
03	12	10
03	13	30
04	00	32
04	01	37
04	02	40
04	03	25
04	04	0
04	05	24
04	06	13
04	07	32
04	08	28
04	09	58
04	10	21
04	11	14
04	12	23
04	13	17
05	00	28
05	01	22
05	02	41
05	03	6
05	04	9
05	05	0
05	06	16
05	07	15
05	08	18
05	09	16
05	10	17
05	11	39
05	12	27
05	13	12
06	00	38
06	01	47
06	02	43
06	03	62
06	04	40
06	05	0
06	06	0
06	07	12
06	08	10
06	09	4
06	10	30
06	11	30
06	12	32
06	13	24
07	00	43
07	01	35
07	02	46
07	03	27
07	04	21
07	05	11
07	06	2
07	07	0
07	08	13
07	09	21
07	10	27
07	11	55
07	12	54
07	13	35
08	00	12
08	01	36
08	02	12
08	03	18
08	04	9
08	05	2
08	06	5
08	07	7
08	08	0
08	09	11
08	10	4
08	11	5
08	12	26
08	13	23
09	00	237
09	01	35
09	02	3
09	03	3
09	04	5
09	05	6
09	06	4
09	07	9
09	08	3
09	09	0
09	10	123
09	11	138
09	12	21
09	13	34
10	00	173
10	01	49
10	02	258
10	03	2662
10	04	21
10	05	5
10	06	5
10	07	6
10	08	7
10	09	9
10	10	0
10	11	82
10	12	36
10	13	33
11	00	137
11	01	19
11	02	17
11	03	25
11	04	12
11	05	5
11	06	3
11	07	3
11	08	2
11	09	4
11	10	3
11	11	0
11	12	13
11	13	17
12	00	24
12	01	97
12	02	2
12	03	1
12	04	5
12	05	3
12	06	3
12	07	4
12	08	3
12	09	4
12	10	4
12	11	6
12	12	0
12	13	22
13	00	8
13	01	9
13	02	0
13	03	0
13	04	0
13	05	0
13	06	0
13	07	0
13	08	0
13	09	0
13	10	0
13	11	0
13	12	0
13	13	0
