$O;D2
*From-time To-Time
10.0 11.0 
*factor
1
*
00	00	0
00	01	1
00	02	71
00	03	404
00	04	5
00	05	4
00	06	146
00	07	54
00	08	4
00	09	3
00	10	2
00	11	5
00	12	2
00	13	2
01	00	10
01	01	0
01	02	118
01	03	3
01	04	31
01	05	22
01	06	41
01	07	34
01	08	13
01	09	13
01	10	16
01	11	25
01	12	18
01	13	22
02	00	0
02	01	0
02	02	0
02	03	0
02	04	0
02	05	0
02	06	0
02	07	0
02	08	0
02	09	0
02	10	0
02	11	0
02	12	0
02	13	0
03	00	14
03	01	0
03	02	19
03	03	29
03	04	0
03	05	5
03	06	5
03	07	12
03	08	8
03	09	8
03	10	20
03	11	84
03	12	8
03	13	13
04	00	26
04	01	22
04	02	27
04	03	21
04	04	0
04	05	15
04	06	8
04	07	27
04	08	22
04	09	32
04	10	9
04	11	13
04	12	17
04	13	28
05	00	14
05	01	15
05	02	19
05	03	4
05	04	5
05	05	0
05	06	8
05	07	5
05	08	14
05	09	15
05	10	13
05	11	31
05	12	20
05	13	9
06	00	24
06	01	28
06	02	13
06	03	63
06	04	12
06	05	0
06	06	0
06	07	9
06	08	9
06	09	4
06	10	24
06	11	26
06	12	32
06	13	16
07	00	32
07	01	22
07	02	41
07	03	27
07	04	15
07	05	9
07	06	2
07	07	0
07	08	7
07	09	12
07	10	28
07	11	33
07	12	31
07	13	32
08	00	8
08	01	32
08	02	15
08	03	20
08	04	5
08	05	3
08	06	2
08	07	3
08	08	0
08	09	4
08	10	4
08	11	6
08	12	11
08	13	38
09	00	116
09	01	25
09	02	1
09	03	4
09	04	5
09	05	8
09	06	2
09	07	6
09	08	2
09	09	0
09	10	127
09	11	151
09	12	11
09	13	24
10	00	145
10	01	34
10	02	179
10	03	1628
10	04	29
10	05	3
10	06	3
10	07	3
10	08	4
10	09	6
10	10	0
10	11	125
10	12	30
10	13	26
11	00	110
11	01	12
11	02	23
11	03	11
11	04	4
11	05	3
11	06	4
11	07	1
11	08	1
11	09	2
11	10	2
11	11	0
11	12	23
11	13	26
12	00	16
12	01	28
12	02	2
12	03	2
12	04	3
12	05	1
12	06	1
12	07	3
12	08	2
12	09	2
12	10	4
12	11	3
12	12	0
12	13	28
13	00	3
13	01	7
13	02	0
13	03	0
13	04	0
13	05	0
13	06	0
13	07	0
13	08	0
13	09	0
13	10	0
13	11	0
13	12	0
13	13	0
