$O;D2
*From-time To-Time
15.0 16.0 
*factor
1
*
00	00	0
00	01	3
00	02	123
00	03	277
00	04	4
00	05	4
00	06	153
00	07	62
00	08	7
00	09	5
00	10	2
00	11	10
00	12	5
00	13	1
01	00	14
01	01	0
01	02	190
01	03	8
01	04	47
01	05	31
01	06	25
01	07	45
01	08	43
01	09	34
01	10	22
01	11	30
01	12	42
01	13	25
02	00	0
02	01	0
02	02	0
02	03	0
02	04	0
02	05	0
02	06	0
02	07	0
02	08	0
02	09	0
02	10	0
02	11	0
02	12	0
02	13	0
03	00	16
03	01	0
03	02	24
03	03	51
03	04	0
03	05	7
03	06	9
03	07	31
03	08	19
03	09	23
03	10	13
03	11	128
03	12	16
03	13	21
04	00	19
04	01	30
04	02	35
04	03	38
04	04	0
04	05	23
04	06	7
04	07	18
04	08	16
04	09	33
04	10	13
04	11	16
04	12	22
04	13	20
05	00	24
05	01	20
05	02	34
05	03	7
05	04	7
05	05	0
05	06	9
05	07	9
05	08	9
05	09	20
05	10	23
05	11	21
05	12	20
05	13	14
06	00	19
06	01	31
06	02	21
06	03	84
06	04	39
06	05	0
06	06	0
06	07	8
06	08	10
06	09	7
06	10	56
06	11	34
06	12	50
06	13	14
07	00	90
07	01	55
07	02	88
07	03	17
07	04	28
07	05	13
07	06	2
07	07	0
07	08	6
07	09	40
07	10	24
07	11	46
07	12	51
07	13	16
08	00	19
08	01	18
08	02	25
08	03	15
08	04	10
08	05	4
08	06	4
08	07	4
08	08	0
08	09	6
08	10	7
08	11	8
08	12	22
08	13	50
09	00	98
09	01	38
09	02	3
09	03	4
09	04	4
09	05	4
09	06	6
09	07	11
09	08	5
09	09	0
09	10	160
09	11	275
09	12	11
09	13	26
10	00	156
10	01	67
10	02	183
10	03	3559
10	04	28
10	05	5
10	06	3
10	07	8
10	08	4
10	09	6
10	10	0
10	11	105
10	12	35
10	13	25
11	00	262
11	01	15
11	02	19
11	03	24
11	04	7
11	05	3
11	06	6
11	07	2
11	08	1
11	09	4
11	10	7
11	11	0
11	12	30
11	13	41
12	00	36
12	01	54
12	02	2
12	03	2
12	04	2
12	05	2
12	06	3
12	07	4
12	08	2
12	09	4
12	10	3
12	11	6
12	12	0
12	13	42
13	00	7
13	01	6
13	02	0
13	03	0
13	04	0
13	05	0
13	06	0
13	07	0
13	08	0
13	09	0
13	10	0
13	11	0
13	12	0
13	13	0
