$O;D2
*From-time To-Time
5.0 6.0 
*factor
1
*
00	00	0
00	01	0
00	02	19
00	03	105
00	04	1
00	05	1
00	06	14
00	07	19
00	08	2
00	09	1
00	10	0
00	11	1
00	12	0
00	13	0
01	00	3
01	01	0
01	02	35
01	03	2
01	04	8
01	05	3
01	06	10
01	07	10
01	08	3
01	09	6
01	10	3
01	11	9
01	12	5
01	13	6
02	00	0
02	01	0
02	02	0
02	03	0
02	04	0
02	05	0
02	06	0
02	07	0
02	08	0
02	09	0
02	10	0
02	11	0
02	12	0
02	13	0
03	00	6
03	01	0
03	02	2
03	03	11
03	04	0
03	05	2
03	06	2
03	07	3
03	08	5
03	09	4
03	10	6
03	11	17
03	12	3
03	13	3
04	00	4
04	01	11
04	02	7
04	03	7
04	04	0
04	05	3
04	06	3
04	07	4
04	08	3
04	09	4
04	10	3
04	11	4
04	12	4
04	13	7
05	00	7
05	01	4
05	02	4
05	03	2
05	04	1
05	05	0
05	06	2
05	07	2
05	08	3
05	09	5
05	10	6
05	11	5
05	12	8
05	13	2
06	00	4
06	01	7
06	02	5
06	03	16
06	04	4
06	05	0
06	06	0
06	07	3
06	08	2
06	09	2
06	10	6
06	11	6
06	12	9
06	13	3
07	00	13
07	01	7
07	02	12
07	03	3
07	04	4
07	05	2
07	06	0
07	07	0
07	08	3
07	09	4
07	10	7
07	11	7
07	12	5
07	13	4
08	00	5
08	01	3
08	02	5
08	03	5
08	04	3
08	05	0
08	06	1
08	07	2
08	08	0
08	09	1
08	10	1
08	11	1
08	12	4
08	13	7
09	00	36
09	01	7
09	02	0
09	03	2
09	04	1
09	05	1
09	06	2
09	07	1
09	08	1
09	09	0
09	10	22
09	11	48
09	12	4
09	13	4
10	00	35
10	01	5
10	02	38
10	03	832
10	04	5
10	05	0
10	06	2
10	07	1
10	08	2
10	09	2
10	10	0
10	11	29
10	12	9
10	13	10
11	00	29
11	01	2
11	02	6
11	03	4
11	04	3
11	05	0
11	06	2
11	07	0
11	08	0
11	09	0
11	10	2
11	11	0
11	12	3
11	13	5
12	00	8
12	01	8
12	02	0
12	03	0
12	04	0
12	05	0
12	06	0
12	07	0
12	08	0
12	09	0
12	10	2
12	11	1
12	12	0
12	13	8
13	00	1
13	01	2
13	02	0
13	03	0
13	04	0
13	05	0
13	06	0
13	07	0
13	08	0
13	09	0
13	10	0
13	11	0
13	12	0
13	13	0
