$O;D2
*From-time To-Time
18.0 19.0 
*factor
1
*
00	00	0
00	01	3
00	02	131
00	03	418
00	04	3
00	05	11
00	06	77
00	07	130
00	08	6
00	09	5
00	10	5
00	11	7
00	12	2
00	13	1
01	00	20
01	01	0
01	02	100
01	03	6
01	04	54
01	05	30
01	06	27
01	07	74
01	08	44
01	09	23
01	10	25
01	11	45
01	12	24
01	13	32
02	00	0
02	01	0
02	02	0
02	03	0
02	04	0
02	05	0
02	06	0
02	07	0
02	08	0
02	09	0
02	10	0
02	11	0
02	12	0
02	13	0
03	00	16
03	01	0
03	02	19
03	03	40
03	04	0
03	05	5
03	06	12
03	07	41
03	08	17
03	09	24
03	10	35
03	11	111
03	12	17
03	13	15
04	00	22
04	01	55
04	02	26
04	03	26
04	04	0
04	05	21
04	06	12
04	07	44
04	08	22
04	09	23
04	10	27
04	11	29
04	12	42
04	13	28
05	00	23
05	01	30
05	02	42
05	03	6
05	04	8
05	05	0
05	06	20
05	07	9
05	08	10
05	09	27
05	10	13
05	11	27
05	12	33
05	13	11
06	00	25
06	01	56
06	02	47
06	03	95
06	04	38
06	05	0
06	06	0
06	07	8
06	08	11
06	09	4
06	10	50
06	11	54
06	12	69
06	13	40
07	00	43
07	01	38
07	02	64
07	03	29
07	04	23
07	05	6
07	06	1
07	07	0
07	08	14
07	09	37
07	10	53
07	11	58
07	12	38
07	13	22
08	00	22
08	01	31
08	02	34
08	03	43
08	04	14
08	05	5
08	06	4
08	07	7
08	08	0
08	09	10
08	10	5
08	11	9
08	12	19
08	13	48
09	00	194
09	01	25
09	02	2
09	03	5
09	04	6
09	05	6
09	06	7
09	07	8
09	08	5
09	09	0
09	10	175
09	11	200
09	12	14
09	13	24
10	00	441
10	01	78
10	02	108
10	03	5170
10	04	28
10	05	3
10	06	6
10	07	6
10	08	5
10	09	5
10	10	0
10	11	133
10	12	48
10	13	50
11	00	121
11	01	22
11	02	36
11	03	27
11	04	14
11	05	2
11	06	6
11	07	3
11	08	1
11	09	5
11	10	8
11	11	0
11	12	19
11	13	25
12	00	26
12	01	72
12	02	2
12	03	2
12	04	4
12	05	2
12	06	2
12	07	4
12	08	2
12	09	4
12	10	5
12	11	4
12	12	0
12	13	21
13	00	8
13	01	7
13	02	0
13	03	0
13	04	0
13	05	0
13	06	0
13	07	0
13	08	0
13	09	0
13	10	0
13	11	0
13	12	0
13	13	0
