$O;D2
*From-time To-Time
10.0 11.0 
*factor
1
*
00	00	0
00	01	2
00	02	68
00	03	203
00	04	3
00	05	3
00	06	91
00	07	73
00	08	4
00	09	4
00	10	2
00	11	9
00	12	2
00	13	1
01	00	8
01	01	0
01	02	85
01	03	4
01	04	24
01	05	13
01	06	35
01	07	36
01	08	23
01	09	19
01	10	7
01	11	21
01	12	23
01	13	19
02	00	0
02	01	0
02	02	0
02	03	0
02	04	0
02	05	0
02	06	0
02	07	0
02	08	0
02	09	0
02	10	0
02	11	0
02	12	0
02	13	0
03	00	17
03	01	0
03	02	21
03	03	41
03	04	0
03	05	2
03	06	5
03	07	29
03	08	15
03	09	19
03	10	17
03	11	97
03	12	7
03	13	22
04	00	17
04	01	32
04	02	12
04	03	13
04	04	0
04	05	20
04	06	5
04	07	21
04	08	12
04	09	24
04	10	19
04	11	21
04	12	21
04	13	34
05	00	24
05	01	12
05	02	20
05	03	6
05	04	4
05	05	0
05	06	8
05	07	10
05	08	7
05	09	15
05	10	13
05	11	24
05	12	15
05	13	6
06	00	18
06	01	32
06	02	29
06	03	44
06	04	24
06	05	0
06	06	0
06	07	11
06	08	7
06	09	5
06	10	36
06	11	32
06	12	49
06	13	16
07	00	45
07	01	38
07	02	42
07	03	14
07	04	9
07	05	4
07	06	2
07	07	0
07	08	10
07	09	13
07	10	21
07	11	39
07	12	23
07	13	26
08	00	12
08	01	11
08	02	21
08	03	21
08	04	7
08	05	3
08	06	5
08	07	4
08	08	0
08	09	5
08	10	3
08	11	5
08	12	16
08	13	43
09	00	146
09	01	26
09	02	2
09	03	4
09	04	4
09	05	4
09	06	2
09	07	4
09	08	5
09	09	0
09	10	68
09	11	215
09	12	23
09	13	19
10	00	157
10	01	26
10	02	72
10	03	1824
10	04	22
10	05	3
10	06	2
10	07	5
10	08	5
10	09	5
10	10	0
10	11	107
10	12	24
10	13	26
11	00	140
11	01	17
11	02	32
11	03	16
11	04	4
11	05	2
11	06	3
11	07	2
11	08	2
11	09	2
11	10	3
11	11	0
11	12	12
11	13	13
12	00	29
12	01	67
12	02	1
12	03	1
12	04	2
12	05	2
12	06	2
12	07	3
12	08	1
12	09	2
12	10	4
12	11	5
12	12	0
12	13	28
13	00	3
13	01	6
13	02	0
13	03	0
13	04	0
13	05	0
13	06	0
13	07	0
13	08	0
13	09	0
13	10	0
13	11	0
13	12	0
13	13	0
