$O;D2
*From-time To-Time
9.0 10.0 
*factor
1
*
00	00	0
00	01	2
00	02	71
00	03	469
00	04	4
00	05	6
00	06	143
00	07	41
00	08	4
00	09	4
00	10	3
00	11	8
00	12	3
00	13	1
01	00	10
01	01	0
01	02	73
01	03	6
01	04	30
01	05	14
01	06	43
01	07	60
01	08	14
01	09	25
01	10	14
01	11	22
01	12	26
01	13	20
02	00	0
02	01	0
02	02	0
02	03	0
02	04	0
02	05	0
02	06	0
02	07	0
02	08	0
02	09	0
02	10	0
02	11	0
02	12	0
02	13	0
03	00	25
03	01	0
03	02	14
03	03	60
03	04	0
03	05	4
03	06	6
03	07	12
03	08	11
03	09	18
03	10	16
03	11	80
03	12	5
03	13	10
04	00	14
04	01	32
04	02	29
04	03	26
04	04	0
04	05	14
04	06	8
04	07	12
04	08	12
04	09	31
04	10	16
04	11	18
04	12	13
04	13	26
05	00	24
05	01	13
05	02	21
05	03	4
05	04	6
05	05	0
05	06	11
05	07	9
05	08	13
05	09	19
05	10	10
05	11	25
05	12	15
05	13	7
06	00	12
06	01	41
06	02	29
06	03	55
06	04	27
06	05	0
06	06	0
06	07	10
06	08	6
06	09	3
06	10	24
06	11	23
06	12	27
06	13	32
07	00	37
07	01	39
07	02	28
07	03	20
07	04	12
07	05	11
07	06	1
07	07	0
07	08	11
07	09	15
07	10	31
07	11	20
07	12	23
07	13	21
08	00	11
08	01	29
08	02	12
08	03	13
08	04	9
08	05	2
08	06	6
08	07	4
08	08	0
08	09	9
08	10	5
08	11	4
08	12	21
08	13	23
09	00	197
09	01	16
09	02	1
09	03	4
09	04	5
09	05	6
09	06	6
09	07	4
09	08	4
09	09	0
09	10	64
09	11	215
09	12	18
09	13	13
10	00	168
10	01	28
10	02	210
10	03	3453
10	04	22
10	05	3
10	06	3
10	07	3
10	08	6
10	09	8
10	10	0
10	11	167
10	12	51
10	13	50
11	00	133
11	01	21
11	02	24
11	03	14
11	04	7
11	05	2
11	06	2
11	07	1
11	08	1
11	09	3
11	10	5
11	11	0
11	12	13
11	13	22
12	00	35
12	01	39
12	02	1
12	03	2
12	04	2
12	05	1
12	06	2
12	07	3
12	08	2
12	09	2
12	10	3
12	11	4
12	12	0
12	13	38
13	00	3
13	01	4
13	02	0
13	03	0
13	04	0
13	05	0
13	06	0
13	07	0
13	08	0
13	09	0
13	10	0
13	11	0
13	12	0
13	13	0
