$O;D2
*From-time To-Time
8.0 9.0 
*factor
1
*
00	00	0
00	01	3
00	02	73
00	03	518
00	04	3
00	05	6
00	06	122
00	07	124
00	08	3
00	09	6
00	10	3
00	11	9
00	12	4
00	13	2
01	00	9
01	01	0
01	02	219
01	03	3
01	04	33
01	05	36
01	06	32
01	07	29
01	08	36
01	09	29
01	10	14
01	11	36
01	12	26
01	13	19
02	00	0
02	01	0
02	02	0
02	03	0
02	04	0
02	05	0
02	06	0
02	07	0
02	08	0
02	09	0
02	10	0
02	11	0
02	12	0
02	13	0
03	00	39
03	01	0
03	02	23
03	03	60
03	04	0
03	05	5
03	06	9
03	07	39
03	08	13
03	09	24
03	10	27
03	11	123
03	12	16
03	13	27
04	00	31
04	01	37
04	02	37
04	03	18
04	04	0
04	05	16
04	06	13
04	07	34
04	08	13
04	09	42
04	10	28
04	11	19
04	12	43
04	13	43
05	00	48
05	01	27
05	02	47
05	03	7
05	04	8
05	05	0
05	06	8
05	07	10
05	08	16
05	09	24
05	10	21
05	11	41
05	12	29
05	13	13
06	00	20
06	01	25
06	02	19
06	03	48
06	04	23
06	05	0
06	06	0
06	07	7
06	08	11
06	09	4
06	10	40
06	11	50
06	12	33
06	13	19
07	00	32
07	01	48
07	02	63
07	03	30
07	04	19
07	05	9
07	06	2
07	07	0
07	08	13
07	09	30
07	10	23
07	11	54
07	12	38
07	13	38
08	00	26
08	01	39
08	02	28
08	03	36
08	04	16
08	05	2
08	06	5
08	07	6
08	08	0
08	09	5
08	10	4
08	11	10
08	12	23
08	13	50
09	00	182
09	01	23
09	02	2
09	03	3
09	04	3
09	05	7
09	06	4
09	07	7
09	08	4
09	09	0
09	10	132
09	11	222
09	12	20
09	13	30
10	00	233
10	01	62
10	02	133
10	03	2539
10	04	34
10	05	5
10	06	4
10	07	5
10	08	3
10	09	8
10	10	0
10	11	170
10	12	29
10	13	23
11	00	100
11	01	14
11	02	29
11	03	20
11	04	9
11	05	3
11	06	4
11	07	3
11	08	2
11	09	3
11	10	6
11	11	0
11	12	23
11	13	15
12	00	44
12	01	80
12	02	3
12	03	2
12	04	3
12	05	3
12	06	2
12	07	3
12	08	2
12	09	4
12	10	3
12	11	3
12	12	0
12	13	26
13	00	3
13	01	6
13	02	0
13	03	0
13	04	0
13	05	0
13	06	0
13	07	0
13	08	0
13	09	0
13	10	0
13	11	0
13	12	0
13	13	0
