$O;D2
*From-time To-Time
16.0 17.0 
*factor
1
*
00	00	0
00	01	2
00	02	165
00	03	568
00	04	5
00	05	8
00	06	165
00	07	117
00	08	6
00	09	7
00	10	3
00	11	10
00	12	3
00	13	1
01	00	17
01	01	0
01	02	186
01	03	6
01	04	44
01	05	31
01	06	51
01	07	66
01	08	37
01	09	31
01	10	19
01	11	39
01	12	36
01	13	28
02	00	0
02	01	0
02	02	0
02	03	0
02	04	0
02	05	0
02	06	0
02	07	0
02	08	0
02	09	0
02	10	0
02	11	0
02	12	0
02	13	0
03	00	35
03	01	0
03	02	24
03	03	70
03	04	0
03	05	6
03	06	9
03	07	34
03	08	20
03	09	25
03	10	31
03	11	136
03	12	14
03	13	26
04	00	34
04	01	68
04	02	34
04	03	36
04	04	0
04	05	23
04	06	14
04	07	34
04	08	26
04	09	49
04	10	24
04	11	25
04	12	36
04	13	39
05	00	45
05	01	24
05	02	49
05	03	7
05	04	9
05	05	0
05	06	16
05	07	14
05	08	16
05	09	27
05	10	25
05	11	35
05	12	34
05	13	11
06	00	34
06	01	49
06	02	39
06	03	74
06	04	36
06	05	0
06	06	0
06	07	14
06	08	11
06	09	7
06	10	49
06	11	51
06	12	57
06	13	34
07	00	79
07	01	51
07	02	76
07	03	36
07	04	24
07	05	11
07	06	1
07	07	0
07	08	11
07	09	34
07	10	45
07	11	57
07	12	51
07	13	36
08	00	23
08	01	35
08	02	26
08	03	36
08	04	14
08	05	3
08	06	6
08	07	7
08	08	0
08	09	10
08	10	8
08	11	9
08	12	26
08	13	49
09	00	227
09	01	36
09	02	2
09	03	5
09	04	6
09	05	8
09	06	6
09	07	10
09	08	5
09	09	0
09	10	170
09	11	244
09	12	26
09	13	36
10	00	341
10	01	59
10	02	227
10	03	3973
10	04	36
10	05	3
10	06	5
10	07	6
10	08	7
10	09	8
10	10	0
10	11	182
10	12	57
10	13	58
11	00	227
11	01	24
11	02	36
11	03	24
11	04	12
11	05	3
11	06	5
11	07	2
11	08	1
11	09	3
11	10	6
11	11	0
11	12	26
11	13	37
12	00	51
12	01	83
12	02	2
12	03	1
12	04	3
12	05	2
12	06	2
12	07	3
12	08	2
12	09	3
12	10	6
12	11	5
12	12	0
12	13	43
13	00	6
13	01	8
13	02	0
13	03	0
13	04	0
13	05	0
13	06	0
13	07	0
13	08	0
13	09	0
13	10	0
13	11	0
13	12	0
13	13	0
