$O;D2
*From-time To-Time
7.0 8.0 
*factor
1
*
00	00	0
00	01	2
00	02	114
00	03	610
00	04	3
00	05	8
00	06	92
00	07	139
00	08	8
00	09	6
00	10	4
00	11	10
00	12	4
00	13	1
01	00	9
01	01	0
01	02	144
01	03	4
01	04	41
01	05	15
01	06	23
01	07	69
01	08	22
01	09	40
01	10	12
01	11	22
01	12	40
01	13	20
02	00	0
02	01	0
02	02	0
02	03	0
02	04	0
02	05	0
02	06	0
02	07	0
02	08	0
02	09	0
02	10	0
02	11	0
02	12	0
02	13	0
03	00	28
03	01	0
03	02	20
03	03	36
03	04	0
03	05	8
03	06	9
03	07	35
03	08	17
03	09	30
03	10	24
03	11	103
03	12	12
03	13	24
04	00	29
04	01	43
04	02	26
04	03	32
04	04	0
04	05	24
04	06	18
04	07	21
04	08	21
04	09	57
04	10	26
04	11	19
04	12	47
04	13	49
05	00	50
05	01	32
05	02	28
05	03	4
05	04	6
05	05	0
05	06	8
05	07	15
05	08	21
05	09	29
05	10	20
05	11	16
05	12	36
05	13	9
06	00	19
06	01	39
06	02	50
06	03	89
06	04	25
06	05	0
06	06	0
06	07	11
06	08	6
06	09	4
06	10	52
06	11	53
06	12	26
06	13	20
07	00	36
07	01	48
07	02	94
07	03	42
07	04	26
07	05	8
07	06	1
07	07	0
07	08	15
07	09	20
07	10	45
07	11	30
07	12	66
07	13	39
08	00	22
08	01	29
08	02	30
08	03	19
08	04	17
08	05	5
08	06	8
08	07	8
08	08	0
08	09	8
08	10	9
08	11	12
08	12	21
08	13	33
09	00	104
09	01	20
09	02	3
09	03	4
09	04	5
09	05	7
09	06	6
09	07	14
09	08	5
09	09	0
09	10	168
09	11	284
09	12	19
09	13	34
10	00	424
10	01	65
10	02	159
10	03	1881
10	04	20
10	05	3
10	06	4
10	07	8
10	08	4
10	09	10
10	10	0
10	11	107
10	12	31
10	13	35
11	00	242
11	01	12
11	02	44
11	03	24
11	04	6
11	05	4
11	06	5
11	07	3
11	08	1
11	09	5
11	10	6
11	11	0
11	12	13
11	13	28
12	00	57
12	01	41
12	02	3
12	03	1
12	04	5
12	05	2
12	06	2
12	07	4
12	08	3
12	09	3
12	10	6
12	11	4
12	12	0
12	13	45
13	00	5
13	01	5
13	02	0
13	03	0
13	04	0
13	05	0
13	06	0
13	07	0
13	08	0
13	09	0
13	10	0
13	11	0
13	12	0
13	13	0
