$O;D2
*From-time To-Time
9.0 10.0 
*factor
1
*
00	00	0
00	01	1
00	02	105
00	03	192
00	04	4
00	05	5
00	06	88
00	07	101
00	08	3
00	09	4
00	10	3
00	11	5
00	12	3
00	13	1
01	00	7
01	01	0
01	02	147
01	03	6
01	04	38
01	05	18
01	06	30
01	07	26
01	08	35
01	09	28
01	10	7
01	11	24
01	12	16
01	13	25
02	00	0
02	01	0
02	02	0
02	03	0
02	04	0
02	05	0
02	06	0
02	07	0
02	08	0
02	09	0
02	10	0
02	11	0
02	12	0
02	13	0
03	00	25
03	01	0
03	02	15
03	03	51
03	04	0
03	05	6
03	06	7
03	07	18
03	08	17
03	09	13
03	10	27
03	11	105
03	12	6
03	13	23
04	00	13
04	01	62
04	02	19
04	03	21
04	04	0
04	05	10
04	06	11
04	07	17
04	08	11
04	09	31
04	10	8
04	11	19
04	12	29
04	13	15
05	00	23
05	01	12
05	02	22
05	03	6
05	04	7
05	05	0
05	06	10
05	07	9
05	08	10
05	09	14
05	10	12
05	11	19
05	12	32
05	13	7
06	00	29
06	01	38
06	02	15
06	03	45
06	04	33
06	05	0
06	06	0
06	07	6
06	08	4
06	09	4
06	10	44
06	11	42
06	12	20
06	13	20
07	00	49
07	01	33
07	02	62
07	03	27
07	04	23
07	05	8
07	06	2
07	07	0
07	08	10
07	09	31
07	10	23
07	11	19
07	12	45
07	13	25
08	00	11
08	01	12
08	02	19
08	03	18
08	04	11
08	05	3
08	06	4
08	07	3
08	08	0
08	09	5
08	10	4
08	11	5
08	12	19
08	13	16
09	00	178
09	01	18
09	02	1
09	03	2
09	04	4
09	05	7
09	06	6
09	07	9
09	08	3
09	09	0
09	10	109
09	11	196
09	12	20
09	13	17
10	00	122
10	01	56
10	02	146
10	03	1955
10	04	13
10	05	3
10	06	4
10	07	5
10	08	6
10	09	6
10	10	0
10	11	136
10	12	36
10	13	45
11	00	112
11	01	12
11	02	12
11	03	22
11	04	11
11	05	2
11	06	3
11	07	1
11	08	1
11	09	2
11	10	6
11	11	0
11	12	19
11	13	13
12	00	22
12	01	64
12	02	2
12	03	1
12	04	3
12	05	2
12	06	1
12	07	3
12	08	1
12	09	2
12	10	4
12	11	3
12	12	0
12	13	35
13	00	6
13	01	8
13	02	0
13	03	0
13	04	0
13	05	0
13	06	0
13	07	0
13	08	0
13	09	0
13	10	0
13	11	0
13	12	0
13	13	0
