$O;D2
*From-time To-Time
15.0 16.0 
*factor
1
*
00	00	0
00	01	2
00	02	99
00	03	536
00	04	3
00	05	5
00	06	119
00	07	90
00	08	6
00	09	6
00	10	3
00	11	5
00	12	3
00	13	2
01	00	13
01	01	0
01	02	122
01	03	6
01	04	51
01	05	35
01	06	41
01	07	57
01	08	37
01	09	22
01	10	18
01	11	40
01	12	23
01	13	27
02	00	0
02	01	0
02	02	0
02	03	0
02	04	0
02	05	0
02	06	0
02	07	0
02	08	0
02	09	0
02	10	0
02	11	0
02	12	0
02	13	0
03	00	28
03	01	0
03	02	12
03	03	30
03	04	0
03	05	3
03	06	8
03	07	23
03	08	12
03	09	13
03	10	23
03	11	125
03	12	15
03	13	12
04	00	24
04	01	56
04	02	31
04	03	36
04	04	0
04	05	16
04	06	9
04	07	34
04	08	28
04	09	25
04	10	28
04	11	22
04	12	40
04	13	47
05	00	21
05	01	18
05	02	58
05	03	4
05	04	10
05	05	0
05	06	16
05	07	9
05	08	13
05	09	33
05	10	15
05	11	38
05	12	14
05	13	13
06	00	32
06	01	23
06	02	19
06	03	68
06	04	23
06	05	0
06	06	0
06	07	13
06	08	12
06	09	4
06	10	57
06	11	27
06	12	49
06	13	22
07	00	52
07	01	59
07	02	37
07	03	37
07	04	29
07	05	9
07	06	1
07	07	0
07	08	7
07	09	35
07	10	51
07	11	46
07	12	50
07	13	16
08	00	15
08	01	26
08	02	30
08	03	39
08	04	17
08	05	4
08	06	7
08	07	7
08	08	0
08	09	11
08	10	6
08	11	9
08	12	20
08	13	54
09	00	104
09	01	40
09	02	2
09	03	6
09	04	5
09	05	8
09	06	6
09	07	6
09	08	5
09	09	0
09	10	170
09	11	276
09	12	22
09	13	21
10	00	172
10	01	70
10	02	230
10	03	2981
10	04	41
10	05	3
10	06	4
10	07	5
10	08	7
10	09	5
10	10	0
10	11	126
10	12	64
10	13	62
11	00	236
11	01	16
11	02	36
11	03	13
11	04	14
11	05	3
11	06	3
11	07	2
11	08	1
11	09	3
11	10	4
11	11	0
11	12	13
11	13	23
12	00	40
12	01	99
12	02	2
12	03	1
12	04	3
12	05	2
12	06	2
12	07	3
12	08	2
12	09	3
12	10	4
12	11	6
12	12	0
12	13	36
13	00	5
13	01	6
13	02	0
13	03	0
13	04	0
13	05	0
13	06	0
13	07	0
13	08	0
13	09	0
13	10	0
13	11	0
13	12	0
13	13	0
