$O;D2
*From-time To-Time
7.0 8.0 
*factor
1
*
00	00	0
00	01	2
00	02	150
00	03	514
00	04	3
00	05	6
00	06	104
00	07	96
00	08	4
00	09	9
00	10	2
00	11	8
00	12	4
00	13	2
01	00	10
01	01	0
01	02	224
01	03	5
01	04	43
01	05	25
01	06	57
01	07	78
01	08	28
01	09	21
01	10	12
01	11	51
01	12	39
01	13	28
02	00	0
02	01	0
02	02	0
02	03	0
02	04	0
02	05	0
02	06	0
02	07	0
02	08	0
02	09	0
02	10	0
02	11	0
02	12	0
02	13	0
03	00	22
03	01	0
03	02	14
03	03	59
03	04	0
03	05	4
03	06	7
03	07	42
03	08	13
03	09	18
03	10	34
03	11	164
03	12	16
03	13	26
04	00	38
04	01	66
04	02	45
04	03	23
04	04	0
04	05	13
04	06	18
04	07	26
04	08	26
04	09	38
04	10	14
04	11	21
04	12	22
04	13	38
05	00	57
05	01	22
05	02	61
05	03	5
05	04	10
05	05	0
05	06	12
05	07	9
05	08	21
05	09	34
05	10	12
05	11	18
05	12	35
05	13	7
06	00	21
06	01	44
06	02	36
06	03	72
06	04	41
06	05	0
06	06	0
06	07	11
06	08	12
06	09	5
06	10	23
06	11	38
06	12	66
06	13	22
07	00	98
07	01	42
07	02	74
07	03	43
07	04	13
07	05	9
07	06	1
07	07	0
07	08	13
07	09	21
07	10	38
07	11	40
07	12	58
07	13	47
08	00	18
08	01	47
08	02	18
08	03	41
08	04	16
08	05	2
08	06	3
08	07	9
08	08	0
08	09	10
08	10	8
08	11	5
08	12	31
08	13	38
09	00	116
09	01	31
09	02	3
09	03	4
09	04	7
09	05	8
09	06	7
09	07	6
09	08	5
09	09	0
09	10	105
09	11	317
09	12	26
09	13	25
10	00	223
10	01	74
10	02	102
10	03	4980
10	04	47
10	05	4
10	06	5
10	07	5
10	08	5
10	09	9
10	10	0
10	11	149
10	12	44
10	13	32
11	00	195
11	01	28
11	02	18
11	03	23
11	04	16
11	05	2
11	06	6
11	07	3
11	08	2
11	09	4
11	10	4
11	11	0
11	12	33
11	13	17
12	00	58
12	01	80
12	02	2
12	03	1
12	04	2
12	05	3
12	06	3
12	07	4
12	08	3
12	09	4
12	10	5
12	11	6
12	12	0
12	13	31
13	00	4
13	01	5
13	02	0
13	03	0
13	04	0
13	05	0
13	06	0
13	07	0
13	08	0
13	09	0
13	10	0
13	11	0
13	12	0
13	13	0
