$O;D2
*From-time To-Time
21.0 22.0 
*factor
1
*
00	00	0
00	01	2
00	02	61
00	03	227
00	04	3
00	05	2
00	06	40
00	07	36
00	08	3
00	09	2
00	10	1
00	11	6
00	12	2
00	13	0
01	00	6
01	01	0
01	02	62
01	03	3
01	04	16
01	05	14
01	06	26
01	07	23
01	08	10
01	09	15
01	10	5
01	11	19
01	12	18
01	13	10
02	00	0
02	01	0
02	02	0
02	03	0
02	04	0
02	05	0
02	06	0
02	07	0
02	08	0
02	09	0
02	10	0
02	11	0
02	12	0
02	13	0
03	00	8
03	01	0
03	02	5
03	03	17
03	04	0
03	05	3
03	06	4
03	07	13
03	08	10
03	09	12
03	10	10
03	11	56
03	12	7
03	13	7
04	00	13
04	01	24
04	02	8
04	03	7
04	04	0
04	05	8
04	06	8
04	07	15
04	08	10
04	09	13
04	10	5
04	11	11
04	12	10
04	13	19
05	00	16
05	01	10
05	02	20
05	03	2
05	04	4
05	05	0
05	06	8
05	07	7
05	08	6
05	09	10
05	10	13
05	11	17
05	12	18
05	13	3
06	00	18
06	01	19
06	02	19
06	03	22
06	04	9
06	05	0
06	06	0
06	07	4
06	08	4
06	09	2
06	10	24
06	11	25
06	12	19
06	13	10
07	00	20
07	01	21
07	02	30
07	03	10
07	04	9
07	05	4
07	06	0
07	07	0
07	08	4
07	09	15
07	10	16
07	11	24
07	12	14
07	13	18
08	00	7
08	01	15
08	02	13
08	03	8
08	04	6
08	05	2
08	06	3
08	07	2
08	08	0
08	09	3
08	10	2
08	11	3
08	12	14
08	13	16
09	00	63
09	01	10
09	02	1
09	03	3
09	04	3
09	05	4
09	06	3
09	07	6
09	08	2
09	09	0
09	10	72
09	11	107
09	12	12
09	13	19
10	00	95
10	01	20
10	02	111
10	03	1428
10	04	13
10	05	2
10	06	3
10	07	3
10	08	3
10	09	5
10	10	0
10	11	59
10	12	26
10	13	17
11	00	73
11	01	10
11	02	11
11	03	13
11	04	6
11	05	2
11	06	2
11	07	2
11	08	0
11	09	1
11	10	3
11	11	0
11	12	12
11	13	11
12	00	27
12	01	26
12	02	1
12	03	0
12	04	2
12	05	2
12	06	2
12	07	2
12	08	1
12	09	1
12	10	2
12	11	3
12	12	0
12	13	14
13	00	3
13	01	4
13	02	0
13	03	0
13	04	0
13	05	0
13	06	0
13	07	0
13	08	0
13	09	0
13	10	0
13	11	0
13	12	0
13	13	0
