$O;D2
*From-time To-Time
16.0 17.0 
*factor
1
*
00	00	0
00	01	2
00	02	148
00	03	512
00	04	3
00	05	10
00	06	232
00	07	119
00	08	8
00	09	11
00	10	3
00	11	7
00	12	5
00	13	2
01	00	24
01	01	0
01	02	229
01	03	9
01	04	35
01	05	40
01	06	27
01	07	58
01	08	28
01	09	21
01	10	18
01	11	20
01	12	51
01	13	33
02	00	0
02	01	0
02	02	0
02	03	0
02	04	0
02	05	0
02	06	0
02	07	0
02	08	0
02	09	0
02	10	0
02	11	0
02	12	0
02	13	0
03	00	48
03	01	0
03	02	21
03	03	89
03	04	0
03	05	5
03	06	9
03	07	42
03	08	26
03	09	25
03	10	22
03	11	90
03	12	19
03	13	20
04	00	31
04	01	40
04	02	48
04	03	49
04	04	0
04	05	25
04	06	8
04	07	25
04	08	34
04	09	31
04	10	20
04	11	26
04	12	22
04	13	34
05	00	30
05	01	14
05	02	60
05	03	4
05	04	14
05	05	0
05	06	11
05	07	19
05	08	12
05	09	24
05	10	23
05	11	23
05	12	46
05	13	14
06	00	18
06	01	29
06	02	50
06	03	110
06	04	19
06	05	0
06	06	0
06	07	8
06	08	17
06	09	9
06	10	69
06	11	47
06	12	80
06	13	42
07	00	41
07	01	36
07	02	97
07	03	47
07	04	16
07	05	9
07	06	1
07	07	0
07	08	14
07	09	43
07	10	53
07	11	81
07	12	58
07	13	26
08	00	20
08	01	40
08	02	18
08	03	32
08	04	11
08	05	4
08	06	8
08	07	4
08	08	0
08	09	14
08	10	7
08	11	7
08	12	15
08	13	55
09	00	263
09	01	24
09	02	2
09	03	7
09	04	7
09	05	5
09	06	7
09	07	6
09	08	7
09	09	0
09	10	195
09	11	290
09	12	24
09	13	48
10	00	495
10	01	88
10	02	148
10	03	4416
10	04	19
10	05	2
10	06	7
10	07	7
10	08	5
10	09	5
10	10	0
10	11	115
10	12	69
10	13	62
11	00	164
11	01	34
11	02	31
11	03	19
11	04	9
11	05	3
11	06	6
11	07	2
11	08	1
11	09	3
11	10	6
11	11	0
11	12	18
11	13	40
12	00	41
12	01	95
12	02	3
12	03	1
12	04	3
12	05	3
12	06	3
12	07	5
12	08	3
12	09	3
12	10	4
12	11	8
12	12	0
12	13	54
13	00	8
13	01	7
13	02	0
13	03	0
13	04	0
13	05	0
13	06	0
13	07	0
13	08	0
13	09	0
13	10	0
13	11	0
13	12	0
13	13	0
