$O;D2
*From-time To-Time
17.0 18.0 
*factor
1
*
00	00	0
00	01	2
00	02	199
00	03	759
00	04	3
00	05	11
00	06	200
00	07	156
00	08	4
00	09	6
00	10	4
00	11	14
00	12	4
00	13	1
01	00	21
01	01	0
01	02	246
01	03	9
01	04	66
01	05	21
01	06	68
01	07	42
01	08	57
01	09	39
01	10	22
01	11	43
01	12	31
01	13	30
02	00	0
02	01	0
02	02	0
02	03	0
02	04	0
02	05	0
02	06	0
02	07	0
02	08	0
02	09	0
02	10	0
02	11	0
02	12	0
02	13	0
03	00	35
03	01	0
03	02	28
03	03	84
03	04	0
03	05	5
03	06	8
03	07	26
03	08	23
03	09	35
03	10	41
03	11	159
03	12	15
03	13	21
04	00	51
04	01	44
04	02	47
04	03	43
04	04	0
04	05	16
04	06	8
04	07	48
04	08	18
04	09	72
04	10	21
04	11	20
04	12	27
04	13	30
05	00	37
05	01	31
05	02	38
05	03	6
05	04	7
05	05	0
05	06	22
05	07	10
05	08	20
05	09	19
05	10	35
05	11	35
05	12	42
05	13	14
06	00	24
06	01	44
06	02	34
06	03	99
06	04	27
06	05	0
06	06	0
06	07	21
06	08	16
06	09	4
06	10	51
06	11	39
06	12	48
06	13	28
07	00	66
07	01	58
07	02	98
07	03	55
07	04	31
07	05	18
07	06	2
07	07	0
07	08	10
07	09	29
07	10	53
07	11	34
07	12	37
07	13	46
08	00	31
08	01	42
08	02	19
08	03	52
08	04	9
08	05	2
08	06	7
08	07	5
08	08	0
08	09	15
08	10	6
08	11	5
08	12	29
08	13	60
09	00	321
09	01	51
09	02	2
09	03	7
09	04	4
09	05	9
09	06	9
09	07	15
09	08	6
09	09	0
09	10	124
09	11	251
09	12	32
09	13	42
10	00	386
10	01	38
10	02	293
10	03	3291
10	04	43
10	05	2
10	06	7
10	07	5
10	08	10
10	09	6
10	10	0
10	11	218
10	12	59
10	13	73
11	00	280
11	01	31
11	02	30
11	03	17
11	04	13
11	05	3
11	06	3
11	07	2
11	08	2
11	09	5
11	10	4
11	11	0
11	12	15
11	13	27
12	00	30
12	01	73
12	02	3
12	03	2
12	04	3
12	05	3
12	06	3
12	07	2
12	08	3
12	09	4
12	10	7
12	11	7
12	12	0
12	13	28
13	00	7
13	01	11
13	02	0
13	03	0
13	04	0
13	05	0
13	06	0
13	07	0
13	08	0
13	09	0
13	10	0
13	11	0
13	12	0
13	13	0
