$O;D2
*From-time To-Time
19.0 20.0 
*factor
1
*
00	00	0
00	01	2
00	02	107
00	03	445
00	04	2
00	05	4
00	06	63
00	07	56
00	08	4
00	09	6
00	10	2
00	11	5
00	12	2
00	13	1
01	00	7
01	01	0
01	02	62
01	03	2
01	04	32
01	05	26
01	06	31
01	07	52
01	08	29
01	09	23
01	10	7
01	11	28
01	12	15
01	13	22
02	00	0
02	01	0
02	02	0
02	03	0
02	04	0
02	05	0
02	06	0
02	07	0
02	08	0
02	09	0
02	10	0
02	11	0
02	12	0
02	13	0
03	00	20
03	01	0
03	02	15
03	03	50
03	04	0
03	05	3
03	06	4
03	07	22
03	08	16
03	09	23
03	10	16
03	11	58
03	12	10
03	13	24
04	00	17
04	01	52
04	02	14
04	03	21
04	04	0
04	05	12
04	06	12
04	07	25
04	08	15
04	09	37
04	10	13
04	11	20
04	12	12
04	13	26
05	00	25
05	01	10
05	02	20
05	03	5
05	04	4
05	05	0
05	06	8
05	07	7
05	08	10
05	09	12
05	10	12
05	11	13
05	12	12
05	13	6
06	00	18
06	01	39
06	02	13
06	03	64
06	04	19
06	05	0
06	06	0
06	07	7
06	08	7
06	09	4
06	10	22
06	11	31
06	12	41
06	13	22
07	00	50
07	01	37
07	02	64
07	03	20
07	04	16
07	05	10
07	06	2
07	07	0
07	08	6
07	09	13
07	10	23
07	11	34
07	12	16
07	13	31
08	00	15
08	01	19
08	02	13
08	03	17
08	04	11
08	05	3
08	06	4
08	07	5
08	08	0
08	09	5
08	10	7
08	11	8
08	12	13
08	13	38
09	00	91
09	01	32
09	02	1
09	03	3
09	04	4
09	05	5
09	06	5
09	07	6
09	08	4
09	09	0
09	10	100
09	11	146
09	12	17
09	13	15
10	00	142
10	01	22
10	02	145
10	03	1926
10	04	23
10	05	2
10	06	2
10	07	5
10	08	6
10	09	6
10	10	0
10	11	150
10	12	41
10	13	37
11	00	93
11	01	13
11	02	21
11	03	10
11	04	7
11	05	3
11	06	4
11	07	2
11	08	2
11	09	2
11	10	3
11	11	0
11	12	12
11	13	31
12	00	36
12	01	27
12	02	2
12	03	1
12	04	3
12	05	1
12	06	1
12	07	3
12	08	1
12	09	2
12	10	4
12	11	5
12	12	0
12	13	29
13	00	3
13	01	7
13	02	0
13	03	0
13	04	0
13	05	0
13	06	0
13	07	0
13	08	0
13	09	0
13	10	0
13	11	0
13	12	0
13	13	0
