$O;D2
*From-time To-Time
16.0 17.0 
*factor
1
*
00	00	0
00	01	2
00	02	94
00	03	514
00	04	5
00	05	9
00	06	86
00	07	123
00	08	9
00	09	9
00	10	3
00	11	7
00	12	3
00	13	1
01	00	20
01	01	0
01	02	270
01	03	5
01	04	26
01	05	39
01	06	38
01	07	75
01	08	54
01	09	19
01	10	16
01	11	43
01	12	25
01	13	41
02	00	0
02	01	0
02	02	0
02	03	0
02	04	0
02	05	0
02	06	0
02	07	0
02	08	0
02	09	0
02	10	0
02	11	0
02	12	0
02	13	0
03	00	44
03	01	0
03	02	33
03	03	85
03	04	0
03	05	9
03	06	13
03	07	18
03	08	11
03	09	30
03	10	34
03	11	171
03	12	15
03	13	34
04	00	25
04	01	71
04	02	35
04	03	32
04	04	0
04	05	13
04	06	21
04	07	26
04	08	37
04	09	64
04	10	30
04	11	15
04	12	51
04	13	51
05	00	53
05	01	30
05	02	39
05	03	6
05	04	8
05	05	0
05	06	19
05	07	8
05	08	13
05	09	28
05	10	18
05	11	27
05	12	19
05	13	14
06	00	46
06	01	71
06	02	47
06	03	92
06	04	39
06	05	0
06	06	0
06	07	14
06	08	16
06	09	5
06	10	66
06	11	27
06	12	86
06	13	24
07	00	56
07	01	53
07	02	101
07	03	26
07	04	19
07	05	16
07	06	1
07	07	0
07	08	14
07	09	28
07	10	23
07	11	52
07	12	39
07	13	50
08	00	31
08	01	21
08	02	28
08	03	54
08	04	9
08	05	4
08	06	8
08	07	8
08	08	0
08	09	10
08	10	5
08	11	8
08	12	24
08	13	67
09	00	326
09	01	24
09	02	3
09	03	5
09	04	6
09	05	11
09	06	9
09	07	13
09	08	6
09	09	0
09	10	247
09	11	282
09	12	31
09	13	28
10	00	335
10	01	61
10	02	160
10	03	3652
10	04	34
10	05	4
10	06	4
10	07	6
10	08	8
10	09	5
10	10	0
10	11	273
10	12	47
10	13	69
11	00	195
11	01	24
11	02	39
11	03	28
11	04	15
11	05	3
11	06	8
11	07	2
11	08	1
11	09	4
11	10	4
11	11	0
11	12	37
11	13	36
12	00	29
12	01	113
12	02	2
12	03	1
12	04	4
12	05	2
12	06	2
12	07	5
12	08	2
12	09	2
12	10	4
12	11	5
12	12	0
12	13	59
13	00	9
13	01	12
13	02	0
13	03	0
13	04	0
13	05	0
13	06	0
13	07	0
13	08	0
13	09	0
13	10	0
13	11	0
13	12	0
13	13	0
