$O;D2
*From-time To-Time
23.0 24.0 
*factor
1
*
00	00	0
00	01	0
00	02	26
00	03	159
00	04	2
00	05	2
00	06	28
00	07	28
00	08	2
00	09	2
00	10	1
00	11	3
00	12	1
00	13	0
01	00	2
01	01	0
01	02	19
01	03	1
01	04	11
01	05	7
01	06	7
01	07	7
01	08	9
01	09	9
01	10	3
01	11	7
01	12	5
01	13	4
02	00	0
02	01	0
02	02	0
02	03	0
02	04	0
02	05	0
02	06	0
02	07	0
02	08	0
02	09	0
02	10	0
02	11	0
02	12	0
02	13	0
03	00	6
03	01	0
03	02	4
03	03	16
03	04	0
03	05	2
03	06	2
03	07	6
03	08	6
03	09	4
03	10	4
03	11	35
03	12	2
03	13	5
04	00	6
04	01	11
04	02	7
04	03	8
04	04	0
04	05	4
04	06	2
04	07	9
04	08	4
04	09	8
04	10	8
04	11	5
04	12	5
04	13	7
05	00	12
05	01	5
05	02	13
05	03	1
05	04	2
05	05	0
05	06	3
05	07	3
05	08	3
05	09	7
05	10	5
05	11	4
05	12	6
05	13	2
06	00	7
06	01	8
06	02	7
06	03	11
06	04	6
06	05	0
06	06	0
06	07	2
06	08	3
06	09	1
06	10	9
06	11	11
06	12	8
06	13	7
07	00	10
07	01	13
07	02	20
07	03	6
07	04	4
07	05	2
07	06	0
07	07	0
07	08	3
07	09	8
07	10	7
07	11	8
07	12	9
07	13	9
08	00	3
08	01	4
08	02	3
08	03	6
08	04	3
08	05	2
08	06	2
08	07	2
08	08	0
08	09	2
08	10	3
08	11	3
08	12	6
08	13	5
09	00	25
09	01	10
09	02	0
09	03	2
09	04	2
09	05	2
09	06	1
09	07	2
09	08	1
09	09	0
09	10	34
09	11	62
09	12	5
09	13	6
10	00	85
10	01	9
10	02	22
10	03	543
10	04	8
10	05	2
10	06	2
10	07	2
10	08	1
10	09	3
10	10	0
10	11	35
10	12	10
10	13	17
11	00	44
11	01	5
11	02	7
11	03	7
11	04	2
11	05	2
11	06	2
11	07	0
11	08	0
11	09	1
11	10	2
11	11	0
11	12	3
11	13	5
12	00	7
12	01	16
12	02	0
12	03	0
12	04	1
12	05	0
12	06	0
12	07	1
12	08	0
12	09	1
12	10	1
12	11	1
12	12	0
12	13	6
13	00	2
13	01	3
13	02	0
13	03	0
13	04	0
13	05	0
13	06	0
13	07	0
13	08	0
13	09	0
13	10	0
13	11	0
13	12	0
13	13	0
