$O;D2
*From-time To-Time
7.0 8.0 
*factor
1
*
00	00	0
00	01	3
00	02	164
00	03	454
00	04	6
00	05	7
00	06	209
00	07	64
00	08	8
00	09	9
00	10	5
00	11	11
00	12	2
00	13	1
01	00	10
01	01	0
01	02	139
01	03	4
01	04	25
01	05	25
01	06	33
01	07	57
01	08	43
01	09	19
01	10	24
01	11	51
01	12	38
01	13	28
02	00	0
02	01	0
02	02	0
02	03	0
02	04	0
02	05	0
02	06	0
02	07	0
02	08	0
02	09	0
02	10	0
02	11	0
02	12	0
02	13	0
03	00	23
03	01	0
03	02	18
03	03	66
03	04	0
03	05	7
03	06	9
03	07	25
03	08	20
03	09	25
03	10	23
03	11	160
03	12	11
03	13	22
04	00	40
04	01	37
04	02	37
04	03	40
04	04	0
04	05	11
04	06	8
04	07	28
04	08	24
04	09	27
04	10	31
04	11	14
04	12	28
04	13	44
05	00	50
05	01	14
05	02	34
05	03	4
05	04	12
05	05	0
05	06	11
05	07	18
05	08	20
05	09	19
05	10	15
05	11	43
05	12	42
05	13	12
06	00	23
06	01	63
06	02	46
06	03	42
06	04	17
06	05	0
06	06	0
06	07	11
06	08	6
06	09	6
06	10	40
06	11	30
06	12	31
06	13	28
07	00	68
07	01	34
07	02	56
07	03	31
07	04	19
07	05	12
07	06	1
07	07	0
07	08	14
07	09	16
07	10	58
07	11	27
07	12	30
07	13	22
08	00	26
08	01	33
08	02	30
08	03	42
08	04	8
08	05	2
08	06	4
08	07	7
08	08	0
08	09	10
08	10	5
08	11	5
08	12	18
08	13	64
09	00	226
09	01	34
09	02	3
09	03	6
09	04	4
09	05	7
09	06	4
09	07	9
09	08	5
09	09	0
09	10	117
09	11	265
09	12	16
09	13	26
10	00	279
10	01	65
10	02	268
10	03	3355
10	04	19
10	05	2
10	06	4
10	07	5
10	08	6
10	09	5
10	10	0
10	11	164
10	12	60
10	13	41
11	00	204
11	01	14
11	02	24
11	03	19
11	04	17
11	05	3
11	06	4
11	07	3
11	08	2
11	09	2
11	10	4
11	11	0
11	12	19
11	13	21
12	00	47
12	01	89
12	02	3
12	03	1
12	04	4
12	05	3
12	06	3
12	07	5
12	08	3
12	09	3
12	10	8
12	11	6
12	12	0
12	13	44
13	00	5
13	01	5
13	02	0
13	03	0
13	04	0
13	05	0
13	06	0
13	07	0
13	08	0
13	09	0
13	10	0
13	11	0
13	12	0
13	13	0
