$O;D2
*From-time To-Time
6.0 7.0 
*factor
1
*
00	00	0
00	01	2
00	02	123
00	03	186
00	04	2
00	05	5
00	06	130
00	07	82
00	08	4
00	09	4
00	10	3
00	11	6
00	12	2
00	13	2
01	00	12
01	01	0
01	02	150
01	03	4
01	04	24
01	05	20
01	06	36
01	07	26
01	08	27
01	09	9
01	10	13
01	11	15
01	12	27
01	13	11
02	00	0
02	01	0
02	02	0
02	03	0
02	04	0
02	05	0
02	06	0
02	07	0
02	08	0
02	09	0
02	10	0
02	11	0
02	12	0
02	13	0
03	00	18
03	01	0
03	02	18
03	03	56
03	04	0
03	05	5
03	06	5
03	07	17
03	08	13
03	09	18
03	10	20
03	11	70
03	12	9
03	13	21
04	00	16
04	01	24
04	02	16
04	03	17
04	04	0
04	05	14
04	06	8
04	07	21
04	08	17
04	09	23
04	10	8
04	11	17
04	12	15
04	13	26
05	00	36
05	01	16
05	02	31
05	03	4
05	04	4
05	05	0
05	06	6
05	07	10
05	08	13
05	09	21
05	10	17
05	11	22
05	12	12
05	13	9
06	00	17
06	01	22
06	02	18
06	03	57
06	04	17
06	05	0
06	06	0
06	07	5
06	08	6
06	09	3
06	10	32
06	11	34
06	12	28
06	13	18
07	00	27
07	01	20
07	02	32
07	03	11
07	04	8
07	05	4
07	06	1
07	07	0
07	08	5
07	09	24
07	10	22
07	11	17
07	12	24
07	13	20
08	00	17
08	01	25
08	02	18
08	03	12
08	04	5
08	05	3
08	06	3
08	07	5
08	08	0
08	09	6
08	10	4
08	11	4
08	12	14
08	13	18
09	00	153
09	01	16
09	02	2
09	03	2
09	04	2
09	05	3
09	06	4
09	07	8
09	08	3
09	09	0
09	10	132
09	11	96
09	12	15
09	13	25
10	00	251
10	01	26
10	02	134
10	03	2671
10	04	17
10	05	2
10	06	2
10	07	3
10	08	6
10	09	5
10	10	0
10	11	69
10	12	37
10	13	18
11	00	143
11	01	9
11	02	12
11	03	19
11	04	9
11	05	3
11	06	3
11	07	1
11	08	1
11	09	3
11	10	2
11	11	0
11	12	12
11	13	18
12	00	16
12	01	66
12	02	2
12	03	1
12	04	2
12	05	2
12	06	1
12	07	3
12	08	1
12	09	3
12	10	2
12	11	2
12	12	0
12	13	19
13	00	2
13	01	6
13	02	0
13	03	0
13	04	0
13	05	0
13	06	0
13	07	0
13	08	0
13	09	0
13	10	0
13	11	0
13	12	0
13	13	0
