$O;D2
*From-time To-Time
5.0 6.0 
*factor
1
*
00	00	0
00	01	0
00	02	24
00	03	110
00	04	1
00	05	1
00	06	26
00	07	19
00	08	1
00	09	1
00	10	0
00	11	1
00	12	0
00	13	0
01	00	3
01	01	0
01	02	14
01	03	2
01	04	9
01	05	4
01	06	5
01	07	6
01	08	4
01	09	3
01	10	3
01	11	9
01	12	4
01	13	6
02	00	0
02	01	0
02	02	0
02	03	0
02	04	0
02	05	0
02	06	0
02	07	0
02	08	0
02	09	0
02	10	0
02	11	0
02	12	0
02	13	0
03	00	7
03	01	0
03	02	4
03	03	13
03	04	0
03	05	2
03	06	2
03	07	6
03	08	3
03	09	3
03	10	6
03	11	18
03	12	2
03	13	6
04	00	3
04	01	10
04	02	5
04	03	5
04	04	0
04	05	3
04	06	3
04	07	6
04	08	5
04	09	5
04	10	4
04	11	3
04	12	7
04	13	8
05	00	4
05	01	2
05	02	8
05	03	1
05	04	2
05	05	0
05	06	3
05	07	3
05	08	3
05	09	5
05	10	3
05	11	7
05	12	5
05	13	2
06	00	6
06	01	11
06	02	5
06	03	14
06	04	5
06	05	0
06	06	0
06	07	2
06	08	2
06	09	2
06	10	11
06	11	8
06	12	12
06	13	7
07	00	12
07	01	8
07	02	10
07	03	7
07	04	5
07	05	3
07	06	0
07	07	0
07	08	3
07	09	4
07	10	9
07	11	10
07	12	7
07	13	4
08	00	5
08	01	7
08	02	5
08	03	5
08	04	3
08	05	0
08	06	2
08	07	1
08	08	0
08	09	1
08	10	1
08	11	1
08	12	4
08	13	7
09	00	32
09	01	7
09	02	0
09	03	1
09	04	2
09	05	1
09	06	2
09	07	2
09	08	1
09	09	0
09	10	28
09	11	49
09	12	4
09	13	7
10	00	48
10	01	5
10	02	45
10	03	439
10	04	7
10	05	0
10	06	2
10	07	1
10	08	1
10	09	2
10	10	0
10	11	25
10	12	5
10	13	11
11	00	40
11	01	3
11	02	4
11	03	2
11	04	3
11	05	0
11	06	1
11	07	0
11	08	0
11	09	0
11	10	1
11	11	0
11	12	6
11	13	5
12	00	6
12	01	16
12	02	0
12	03	0
12	04	0
12	05	0
12	06	0
12	07	0
12	08	0
12	09	0
12	10	1
12	11	1
12	12	0
12	13	8
13	00	1
13	01	1
13	02	0
13	03	0
13	04	0
13	05	0
13	06	0
13	07	0
13	08	0
13	09	0
13	10	0
13	11	0
13	12	0
13	13	0
