$O;D2
*From-time To-Time
22.0 23.0 
*factor
1
*
00	00	0
00	01	2
00	02	27
00	03	122
00	04	2
00	05	2
00	06	25
00	07	41
00	08	2
00	09	2
00	10	1
00	11	2
00	12	2
00	13	0
01	00	6
01	01	0
01	02	28
01	03	2
01	04	8
01	05	9
01	06	18
01	07	16
01	08	9
01	09	11
01	10	5
01	11	11
01	12	10
01	13	4
02	00	0
02	01	0
02	02	0
02	03	0
02	04	0
02	05	0
02	06	0
02	07	0
02	08	0
02	09	0
02	10	0
02	11	0
02	12	0
02	13	0
03	00	6
03	01	0
03	02	7
03	03	19
03	04	0
03	05	2
03	06	2
03	07	5
03	08	6
03	09	7
03	10	10
03	11	31
03	12	3
03	13	7
04	00	8
04	01	18
04	02	6
04	03	10
04	04	0
04	05	5
04	06	4
04	07	12
04	08	5
04	09	17
04	10	7
04	11	7
04	12	13
04	13	8
05	00	10
05	01	8
05	02	7
05	03	2
05	04	3
05	05	0
05	06	5
05	07	4
05	08	5
05	09	6
05	10	4
05	11	10
05	12	8
05	13	4
06	00	12
06	01	14
06	02	9
06	03	27
06	04	7
06	05	0
06	06	0
06	07	2
06	08	4
06	09	3
06	10	15
06	11	14
06	12	11
06	13	8
07	00	15
07	01	11
07	02	22
07	03	6
07	04	5
07	05	3
07	06	0
07	07	0
07	08	5
07	09	5
07	10	11
07	11	18
07	12	17
07	13	9
08	00	6
08	01	8
08	02	5
08	03	5
08	04	5
08	05	2
08	06	2
08	07	2
08	08	0
08	09	2
08	10	3
08	11	3
08	12	5
08	13	7
09	00	50
09	01	9
09	02	2
09	03	2
09	04	1
09	05	2
09	06	2
09	07	3
09	08	1
09	09	0
09	10	60
09	11	61
09	12	9
09	13	6
10	00	71
10	01	11
10	02	52
10	03	864
10	04	5
10	05	1
10	06	1
10	07	1
10	08	2
10	09	2
10	10	0
10	11	57
10	12	18
10	13	16
11	00	38
11	01	6
11	02	12
11	03	4
11	04	3
11	05	1
11	06	2
11	07	2
11	08	0
11	09	1
11	10	2
11	11	0
11	12	7
11	13	7
12	00	7
12	01	12
12	02	2
12	03	0
12	04	2
12	05	2
12	06	2
12	07	1
12	08	1
12	09	2
12	10	2
12	11	1
12	12	0
12	13	12
13	00	2
13	01	2
13	02	0
13	03	0
13	04	0
13	05	0
13	06	0
13	07	0
13	08	0
13	09	0
13	10	0
13	11	0
13	12	0
13	13	0
